175
175
175
175
175
175
175
175
175
175
175
175
175
175
175
175
175
175
175
175
175
175
175
175
175
175
175
175
175
175
177
177
177
177
181
181
181
181
255
255
255
255
255
255
255
255
177
177
177
177
177
177
177
177
180
180
180
180
255
255
255
255
33
33
33
33
31
31
31
31
30
30
30
30
29
29
29
29
28
28
28
28
28
28
28
28
28
26
26
26
26
26
26
26
26
26
26
26
26
26
26
26
26
26
26
26
26
26
26
26
26
26
26
26
26
25
25
25
25
26
26
26
26
26
26
26
26
26
26
26
26
26
27
27
27
27
27
27
27
27
29
29
29
29
29
29
29
29
30
30
30
30
30
30
30
30
29
29
29
29
31
31
31
31
29
29
29
29
29
29
29
29
28
28
28
28
28
28
28
28
28
28
28
28
28
28
28
28
28
28
28
28
28
28
28
28
28
28
28
28
28
28
28
28
28
28
28
28
28
28
28
28
28
29
29
29
29
29
29
29
29
30
30
30
30
31
31
31
31
32
32
32
32
33
33
33
33
55
55
55
55
54
54
54
54
53
53
53
53
22
22
22
22
52
52
52
52
51
51
51
51
22
22
22
22
51
51
51
51
51
51
51
51
51
51
51
51
51
51
51
51
51
51
51
51
51
51
51
51
52
52
52
52
52
52
52
52
53
53
53
53
55
55
55
55
255
255
255
255
255
255
255
255
255
255
255
255
255
255
255
255
255
255
255
255
255
255
255
255
178
178
178
178
178
178
178
178
180
180
180
180
255
255
255
255
255
255
255
255
255
255
255
255
255
255
255
255
176
176
176
