47
47
47
47
47
47
47
47
47
47
47
47
47
47
47
47
47
47
47
47
47
47
47
47
47
47
47
47
47
47
47
47
47
47
47
48
48
48
48
48
48
48
48
48
48
48
48
48
48
48
48
49
49
49
49
49
49
50
50
50
50
51
83
84
84
84
117
149
214
214
214
214
214
214
214
214
214
214
214
215
215
215
215
215
215
223
231
231
239
247
247
255
255
255
255
255
255
255
255
255
255
255
255
255
255
255
255
255
255
255
255
255
255
255
255
255
255
255
255
255
255
255
255
255
255
255
255
255
255
255
255
255
255
255
255
255
255
255
255
255
255
255
211
211
211
122
122
34
33
33
32
32
32
32
32
31
31
31
31
31
30
30
30
30
29
29
29
29
29
29
29
29
28
28
28
29
28
28
28
28
28
28
28
28
28
28
28
28
28
28
28
28
28
28
28
28
28
28
28
28
28
28
28
28
28
28
28
28
28
28
28
28
29
29
29
29
29
29
29
29
29
29
29
30
30
30
30
30
30
31
34
36
37
37
34
34
38
40
40
42
42
42
42
41
41
41
41
41
41
41
41
41
41
41
37
37
33
36
36
40
40
40
40
40
40
40
40
40
40
40
40
40
40
40
40
40
40
40
40
40
40
40
40
40
40
40
40
40
40
40
40
40
41
41
41
41
41
41
42
42
42
43
43
43
43
43
44
49
50
51
51
55
59
57
55
55
53
53
52
51
51
51
51
50
50
50
50
49
49
49
49
49
49
49
49
49
48
48
48
48
48
48
48
48
48
48
48
48
48
48
48
48
48
48
48
48
48
48
48
48
