178
178
180
158
158
157
179
179
179
178
178
178
178
178
178
178
178
178
178
179
179
179
179
180
180
179
180
180
181
182
182
183
183
183
182
183
182
182
182
182
182
182
182
182
183
183
183
183
184
184
184
184
184
184
184
184
184
185
185
198
198
213
174
174
201
215
215
136
57
56
56
55
55
55
55
54
54
54
53
53
53
53
53
53
53
52
52
52
52
52
52
52
52
51
51
51
51
51
51
51
51
51
51
51
51
51
51
51
51
51
51
51
51
51
51
51
51
51
51
51
51
51
51
51
51
51
51
51
52
52
52
52
52
52
52
52
52
53
53
53
49
50
50
50
50
50
50
42
38
38
34
33
33
33
32
32
32
32
32
32
32
31
31
31
31
31
31
30
30
30
30
30
30
30
30
30
30
30
30
29
29
29
29
29
29
29
29
29
29
29
29
29
29
29
29
29
29
29
29
29
29
29
29
29
29
29
30
30
30
30
30
30
30
30
30
30
31
31
31
33
33
33
33
32
33
33
32
32
33
34
34
32
29
30
29
29
28
28
28
28
28
28
28
28
28
27
27
27
27
26
26
26
27
27
26
26
26
26
26
26
26
26
26
26
26
26
26
26
26
26
26
26
26
26
26
26
26
26
26
26
26
26
26
26
26
26
26
26
26
26
26
26
26
27
27
27
27
27
27
27
27
28
28
28
28
28
29
29
29
30
75
75
165
165
210
210
210
210
210
255
255
255
255
240
240
240
240
255
255
255
255
255
255
255
255
255
255
255
241
241
241
225
225
225
224
224
210
210
210
196
181
181
181
181
179
179
179
179
179
179
