134
134
132
88
65
67
111
134
134
134
134
134
134
134
134
134
134
134
134
134
134
134
134
134
134
134
134
134
134
134
134
134
134
134
134
135
135
135
135
135
135
135
135
135
135
136
136
136
139
141
141
142
142
145
145
167
167
167
145
145
145
128
128
132
132
114
113
113
113
55
55
55
54
54
54
53
52
52
52
52
52
52
51
51
51
51
51
51
51
51
51
51
50
50
50
50
50
50
50
50
50
50
50
50
50
50
50
50
50
50
50
50
50
50
50
50
50
50
50
50
50
50
50
50
50
50
50
50
50
50
50
51
51
51
51
51
51
52
52
52
52
52
53
53
53
54
54
62
69
69
76
83
90
90
90
90
90
87
87
87
84
81
78
78
77
74
73
73
73
73
73
73
73
72
72
72
72
72
72
72
72
72
72
72
72
72
72
72
71
71
71
71
71
71
71
71
71
71
71
71
71
71
71
71
71
72
72
72
72
72
72
72
72
72
73
73
73
74
75
75
77
77
77
79
80
79
79
78
101
101
102
125
125
169
192
192
192
192
192
192
192
185
185
185
192
192
192
192
185
185
185
151
151
137
137
137
136
156
155
155
155
155
155
155
155
155
155
155
155
155
155
155
155
175
175
175
156
156
156
156
156
156
156
156
156
156
176
179
179
161
162
161
162
200
218
219
219
237
255
255
255
255
255
255
255
255
255
255
255
255
255
255
255
255
255
255
255
255
255
255
255
255
231
208
184
161
161
137
137
136
136
136
136
136
136
135
135
135
135
135
135
135
135
135
135
135
135
135
135
135
135
135
135
134
134
134
134
135
135
135
