80
80
80
80
80
80
80
80
80
80
80
80
80
80
80
80
80
80
80
80
80
80
80
80
80
80
80
80
80
80
80
80
80
80
80
80
80
80
80
80
80
81
81
81
81
81
81
81
82
82
82
82
83
83
84
118
108
108
142
98
132
88
87
76
31
31
30
30
30
30
29
29
29
29
29
29
28
28
28
28
28
27
27
27
27
27
27
27
27
26
26
26
26
26
26
26
26
26
26
26
26
26
26
26
26
26
26
26
26
26
26
26
26
26
26
26
26
26
26
26
26
26
26
26
26
26
26
26
26
27
27
27
27
27
27
27
27
27
27
28
27
27
28
28
28
28
28
29
30
30
75
75
75
75
71
116
116
136
130
130
130
129
129
128
128
128
128
129
128
128
129
129
129
130
131
130
130
130
154
154
153
127
127
127
126
126
126
126
126
126
126
127
152
152
152
152
129
129
129
129
127
127
128
128
128
128
178
181
181
158
135
137
137
137
139
163
163
186
186
255
255
255
255
255
255
255
255
244
244
244
233
233
199
199
199
199
198
198
198
198
198
198
198
198
198
198
198
198
198
198
198
198
198
198
198
199
163
163
164
175
175
175
163
151
151
151
138
138
138
137
137
137
137
137
137
137
137
137
137
137
137
137
138
138
138
138
138
138
184
185
185
185
232
232
232
232
255
255
255
255
255
255
255
255
255
255
255
255
255
255
255
255
255
255
255
255
255
255
221
221
221
186
118
118
117
117
82
82
82
82
82
81
81
81
81
81
81
81
81
81
81
81
81
81
81
81
81
80
80
80
80
80
80
80
80
80
80
80
80
80
