0.03183605	
0.03626492	
0.04650262	
0.05662332	
0.06671201	
0.07681572	
0.08722841	
0.09708111	
0.1072048	
0.1173165	
0.1274802	
0.1375759	
0.1476966	
0.1579023	
0.168048	
0.1781817	
0.1883234	
0.1984511	
0.2086248	
0.2187385	
0.2288532	
0.2390549	
0.2491316	
0.2592693	
0.2694	
0.2795547	
0.2896754	
0.2998431	
0.3100098	
0.3200955	
0.3302192	
0.3403329	
0.3505036	
0.3606573	
0.370814	
0.3809337	
0.3911174	
0.4012661	
0.4113568	
0.4214865	
0.4316362	
0.4417199	
0.4518986	
0.4620313	
0.472147	
0.4822727	
0.4923764	
0.502583	
0.5127127	
0.5228124	
0.5329431	
0.5431048	
0.5532245	
0.5632962	
0.5734659	
0.5836166	
0.5936933	
0.604061	
0.6140197	
0.6241354	
0.6342741	
0.6444098	
0.6545225	
0.6646942	
0.6747869	
0.6849036	
0.6955043	
0.705165	
0.7152937	
0.7253954	
0.7355421	
0.7456318	
0.7557545	
0.7658992	
0.7760109	
0.7861376	
0.7962593	
0.806445	
0.8257344	
0.8299563	
0.840052	
0.8501347	
0.8603034	
0.8706491	
0.8807678	
0.8908945	
0.9010092	
0.9115569	
0.9213106	
0.9315913	
0.941559	
0.9516727	
0.9617994	
0.9719601	
0.9821128	
0.9922335	
1.002312	
1.013225	
1.022593	
1.032721	
1.051704	
1.055879	
1.065991	
1.076105	
1.08623	
1.096608	
1.106966	
1.11672	
1.126794	
1.136896	
1.146996	
1.157194	
1.167333	
1.177403	
1.187529	
1.197619	
1.208124	
1.218109	
1.228049	
1.238189	
1.248322	
1.258456	
1.26859	
1.278761	
1.288867	
1.299045	
1.309161	
1.319345	
1.329471	
1.33962	
1.349818	
1.359865	
1.370106	
1.380186	
1.390331	
1.400465	
1.410547	
1.420761	
1.430919	
1.441037	
1.451139	
1.461245	
1.471473	
1.481539	
1.491672	
1.501831	
1.511942	
1.522099	
1.532252	
1.542391	
1.552564	
1.562603	
1.572781	
1.582918	
1.593039	
1.603184	
1.613264	
1.623481	
1.6336	
1.643732	
1.653859	
1.663995	
1.674309	
1.684239	
1.69432	
1.704474	
1.714545	
1.724683	
1.734921	
1.745003	
1.755139	
1.765346	
1.775643	
1.7855	
1.795637	
1.80575	
1.816067	
1.82628	
1.836448	
1.846542	
1.856708	
1.866735	
1.876911	
1.887017	
1.897133	
1.907269	
1.917386	
1.927554	
1.937636	
1.947822	
1.957922	
1.968065	
1.978188	
1.98839	
1.998462	
2.008629	
2.018748	
2.028837	
2.039212	
2.049122	
2.059275	
2.069404	
2.079529	
2.089699	
2.099837	
2.110006	
2.12014	
2.130205	
2.140395	
2.15051	
2.160674	
2.170791	
2.180908	
2.191063	
2.201184	
2.211256	
2.221422	
2.231548	
2.241702	
2.259833	
2.264	
2.274131	
2.284242	
2.29438	
2.304527	
2.314628	
2.324789	
2.334886	
2.345067	
2.355204	
2.365362	
2.375471	
2.385768	
2.395675	
2.405811	
2.41593	
2.426035	
2.436167	
2.446406	
2.456497	
2.466563	
2.476816	
2.486854	
2.496988	
2.50708	
2.517253	
2.527431	
2.537481	
2.547602	
2.557795	
2.576342	
2.580492	
2.590653	
2.600992	
2.611098	
2.621242	
2.631437	
2.64151	
2.651955	
2.661778	
2.67189	
2.682035	
2.692132	
2.702323	
2.712397	
2.722578	
2.732688	
2.742799	
2.753012	
2.763083	
2.773256	
2.783415	
2.793579	
2.803666	
2.81378	
2.824061	
2.83408	
2.844317	
2.854337	
2.864458	
2.874598	
2.884719	
2.894874	
2.905088	
2.915147	
2.925271	
2.935474	
2.94551	
2.95561	
2.965736	
2.975876	
2.985996	
2.996105	
3.006244	
3.017148	
3.027233	
3.048213	
3.052341	
3.062519	
3.072674	
3.082789	
3.092917	
3.103055	
3.113165	
3.123311	
3.133457	
3.143637	
3.153746	
3.164065	
3.174027	
3.184114	
3.194243	
3.204419	
3.214466	
3.224624	
3.234752	
3.244892	
3.254956	
3.265136	
3.275287	
3.285395	
3.295547	
3.305604	
3.315772	
3.326029	0.000947777796	0	0.000947777796	0	
3.336104	0.00248118051	0	0.00248118051	0	
3.346303	0.00466143133	0	0.00466143133	0	
3.356305	0.00739304814	0	0.00739304814	0	
3.374822	0.0149850307	0.00872664626	0.0149850307	0.00872664626	
3.379147	0.0166832399	0.00872664626	0.0166832399	0.00872664626	
3.389272	0.0214557903	0.00872664626	0.0214557903	0.00872664626	
3.399492	0.0269020983	0.00872664626	0.0269020983	0.0174532925	
3.409518	0.0328428643	0.00872664626	0.0328428643	0.0174532925	
3.419672	0.039484232	0.00872664626	0.039484232	0.0261799388	
3.430054	0.0469313061	0.0174532925	0.0469313061	0.034906585	
3.440016	0.0546487817	0.0174532925	0.0546487817	0.0436332313	
3.450127	0.0631061377	0.0174532925	0.0631061377	0.0523598776	
3.460242	0.0721828167	0.0174532925	0.0721828167	0.0610865238	
3.470436	0.0819554888	0.034906585	0.0819554888	0.0698131701	
3.480573	0.0922851315	0.0523598776	0.0922851315	0.0785398163	
3.490677	0.103192443	0.0698131701	0.103192443	0.0872664626	
3.500824	0.114768713	0.0872664626	0.114768713	0.0872664626	
3.510969	0.126957703	0.0959931089	0.126957703	0.0959931089	
3.521082	0.139722139	0.122173048	0.139722139	0.104719755	
3.531296	0.1532516	0.122173048	0.1532516	0.122173048	
3.54167	0.167633962	0.148352986	0.167633962	0.13962634	
3.551618	0.182008145	0.157079633	0.182008145	0.157079633	
3.561647	0.197102099	0.183259571	0.197102099	0.174532925	
3.571963	0.213285201	0.200712864	0.213285201	0.191986218	
3.582193	0.229950605	0.226892803	0.229950605	0.20943951	
3.592139	0.246734697	0.253072742	0.246734697	0.226892803	
3.60227	0.264455835	0.270526034	0.264455835	0.244346095	
3.612332	0.282659626	0.296705973	0.282659626	0.270526034	
3.622518	0.301723684	0.314159265	0.301723684	0.296705973	
3.632719	0.321445044	0.331612558	0.321445044	0.314159265	
3.642812	0.341541257	0.34906585	0.341541257	0.340339204	
3.652978	0.36242154	0.366519143	0.36242154	0.366519143	
3.66309	0.383800715	0.392699082	0.383800715	0.392699082	
3.67346	0.406383152	0.410152374	0.406383152	0.410152374	
3.683594	0.429056356	0.436332313	0.429056356	0.436332313	
3.693683	0.452235856	0.453785606	0.452235856	0.462512252	
3.703959	0.47648425	0.471238898	0.47648425	0.488692191	
3.713987	0.500743162	0.506145483	0.500743162	0.514872129	
3.724403	0.52662178	0.523598776	0.52662178	0.541052068	
3.734405	0.552037249	0.549778714	0.552037249	0.567232007	
3.744516	0.578356884	0.575958653	0.578356884	0.593411946	
3.754607	0.605223931	0.610865238	0.605223931	0.610865238	
3.76469	0.632693142	0.637045177	0.632693142	0.645771823	
3.774877	0.661083205	0.663225116	0.661083205	0.671951762	
3.785111	0.690196559	0.689405055	0.690196559	0.698131701	
3.795142	0.719349785	0.72431164	0.719349785	0.72431164	
3.805258	0.749360511	0.750491578	0.749360511	0.750491578	
3.815475	0.780321947	0.785398163	0.780321947	0.785398163	
3.834396	0.840286964	0.855211333	0.840286964	0.855211333	
3.838722	0.853894652	0.86393798	0.853894652	0.86393798	
3.856758	0.913417347	0.925024504	0.913417347	0.925024504	
3.861086	0.927630958	0.93375115	0.927630958	0.942477796	
3.871344	0.962147896	0.968657735	0.962147896	0.977384381	
3.881373	0.996487748	1.01229097	0.996487748	1.01229097	
3.891476	1.03168502	1.04719755	1.03168502	1.0384709	
3.901595	1.06755264	1.09083078	1.06755264	1.07337749	
3.911767	1.10424146	1.12573737	1.10424146	1.10828408	
3.921843	1.1411829	1.16064395	1.1411829	1.14319066	
3.932343	1.18037287	1.19555054	1.18037287	1.18682389	
3.942465	1.21872521	1.23045712	1.21872521	1.23045712	
3.952628	1.25788104	1.27409035	1.25788104	1.26536371	
3.962696	1.29725263	1.30899694	1.29725263	1.30899694	
3.972822	1.33747178	1.34390352	1.33747178	1.34390352	
3.983237	1.37953581	1.38753676	1.37953581	1.37881011	
3.993143	1.42006974	1.43116999	1.42006974	1.41371669	
4.003253	1.46207467	1.46607657	1.46207467	1.45734993	
4.014156	1.5081699	1.5097098	1.5081699	1.50098316	
4.023597	1.548481	1.55334303	1.548481	1.55334303	
4.033682	1.59224445	1.59697627	1.59224445	1.58824962	
4.043789	1.63668596	1.6406095	1.63668596	1.6406095	
4.054012	1.68230435	1.69296937	1.68230435	1.68424273	
4.064112	1.72793236	1.72787596	1.72793236	1.72787596	
4.074416	1.77517654	1.78023584	1.77517654	1.78023584	
4.084399	1.82151019	1.82386907	1.82151019	1.82386907	
4.094516	1.86907431	1.8675023	1.86907431	1.8675023	
4.104652	1.91735413	1.91986218	1.91735413	1.91986218	
4.114753	1.96607332	1.96349541	1.96607332	1.96349541	
4.124847	2.01540941	2.01585529	2.01540941	2.01585529	
4.135122	2.06623919	2.06821516	2.06623919	2.06821516	
4.145227	2.11681511	2.12057504	2.11681511	2.11184839	
4.155314	2.16794131	2.17293492	2.16794131	2.17293492	
4.165402	2.2196678	2.21656815	2.2196678	2.21656815	
4.175794	2.27362638	2.26892803	2.27362638	2.27765467	
4.185705	2.32563654	2.32128791	2.32563654	2.32128791	
4.195858	2.37957496	2.38237443	2.37957496	2.38237443	
4.205936	2.43370069	2.43473431	2.43370069	2.42600766	
4.216051	2.48864004	2.49582083	2.48864004	2.48709418	
4.234853	2.59342402	2.59181394	2.59342402	2.59181394	
4.239175	2.61738675	2.61799388	2.61738675	2.61799388	
4.249326	2.67456631	2.67035376	2.67456631	2.67035376	
4.259478	2.73234701	2.73144028	2.73234701	2.74016693	
4.26956	2.79034843	2.78380016	2.79034843	2.7925268	
4.279789	2.84983375	2.84488668	2.84983375	2.84488668	
4.289878	2.90911162	2.91469985	2.90911162	2.9059732	
4.30004	2.96942221	2.96705973	2.96942221	2.96705973	
4.310385	3.03149102	3.02814625	3.03149102	3.0368729	
4.320297	3.09153308	3.08923278	3.09153308	3.09795942	
4.330438	3.15356767	3.15904595	3.15356767	3.15904595	
4.34072	3.21713474	3.22885912	3.21713474	3.22013247	
4.350813	3.28008888	3.28994564	3.28008888	3.28121899	
4.361005	3.34432487	3.35103216	3.34432487	3.35103216	
4.371053	3.40826138	3.41211869	3.40826138	3.41211869	
4.381232	3.4736507	3.47320521	3.4736507	3.47320521	
4.391362	3.53930673	3.54301838	3.53930673	3.54301838	
4.401508	3.60571733	3.61283155	3.60571733	3.61283155	
4.411627	3.6725448	3.68264472	3.6725448	3.67391808	
4.421732	3.73991882	3.74373125	3.73991882	3.74373125	
4.431935	3.80856715	3.81354442	3.80856715	3.81354442	
4.442167	3.8780604	3.88335759	3.8780604	3.87463094	
4.452222	3.94689822	3.94444411	3.94689822	3.94444411	
4.462335	4.01677619	4.01425728	4.01677619	4.02298393	
4.472464	4.08737372	4.08407045	4.08737372	4.0927971	
4.482541	4.15820212	4.16261027	4.15820212	4.16261027	
4.492737	4.23053731	4.23242344	4.23053731	4.23242344	
4.50289	4.3031706	4.31096325	4.3031706	4.30223661	
4.513089	4.37673666	4.38077642	4.37673666	4.38077642	
4.523187	4.45019731	4.45058959	4.45019731	4.45058959	
4.53327	4.52415838	4.52040276	4.52415838	4.52040276	
4.543655	4.60105113	4.59021593	4.60105113	4.59894258	
4.553679	4.67575278	4.66875575	4.67575278	4.6774824	
4.563763	4.75156622	4.73856892	4.75156622	4.75602221	
4.573972	4.8289793	4.81710874	4.8289793	4.83456203	
4.584288	4.90855745	4.9043752	4.90855745	4.9043752	
4.594204	4.98414098	4.97418837	4.98414098	4.97418837	
4.604353	5.06110605	5.06145483	5.06110605	5.06145483	
4.614506	5.13745187	5.13999465	5.13745187	5.13999465	
4.624589	5.21270698	5.21853446	5.21270698	5.21853446	
4.634685	5.28748298	5.29707428	5.28748298	5.30580093	
4.644901	5.36248076	5.3756141	5.36248076	5.38434074	
4.655095	5.43673052	5.45415391	5.43673052	5.46288056	
4.665175	5.50955072	5.53269373	5.50955072	5.53269373	
4.675292	5.58203045	5.6025069	5.58203045	5.6025069	
4.687012	5.66519299	5.68104672	5.66519299	5.68977336	
4.69677	5.73386887	5.75085989	5.73386887	5.75958653	
4.706839	5.80416641	5.82067306	5.80416641	5.8293997	
4.716967	5.87425959	5.89921287	5.87425959	5.89921287	
4.727075	5.94363037	5.96902604	5.94363037	5.96902604	
4.738133	6.01882045	6.03883921	6.01882045	6.03883921	
4.747411	6.08137301	6.09992574	6.08137301	6.09992574	
4.757483	6.14867171	6.17846555	6.14867171	6.16973891	
4.767687	6.21627921	6.23955208	6.21627921	6.23082543	
4.777699	6.28200139	6.30936525	6.28200139	6.3006386	
4.796245	6.40134881	6.43153829	6.40134881	6.43153829	
4.800545	6.4290425	6.45771823	6.4290425	6.45771823	
4.810681	6.49363347	6.51880476	6.49363347	6.51880476	
4.820789	6.55744972	6.57989128	6.55744972	6.57989128	
4.83095	6.62102044	6.64970445	6.62102044	6.64970445	
4.84224	6.69088829	6.71079097	6.69088829	6.71079097	
4.851465	6.74748715	6.76315085	6.74748715	6.7718775	
4.861387	6.80778087	6.82423738	6.80778087	6.82423738	
4.871719	6.86994844	6.8853239	6.86994844	6.89405055	
4.882029	6.93132826	6.93768378	6.93132826	6.95513707	
4.892172	6.99114737	6.9987703	6.99114737	7.00749695	
4.902342	7.05050389	7.05985682	7.05050389	7.06858347	
4.912473	7.10904661	7.1122167	7.10904661	7.12094335	
4.922595	7.16692299	7.17330323	7.16692299	7.17330323	
4.932683	7.22404055	7.21693646	7.22404055	7.2256631	
4.943573	7.28500279	7.27802298	7.28500279	7.27802298	
4.953101	7.33780357	7.32165621	7.33780357	7.3391095	
4.963092	7.39257597	7.38274274	7.39257597	7.39146938	
4.973312	7.44801571	7.43510261	7.44801571	7.45255591	
4.983382	7.5020342	7.48746249	7.5020342	7.50491578	
4.993582	7.55616143	7.54854901	7.55616143	7.55727566	
5.003713	7.60930092	7.60090889	7.60930092	7.60963554	
5.013839	7.66183304	7.65326877	7.66183304	7.66199542	
5.024006	7.71398512	7.696902	7.71398512	7.70562865	
5.034583	7.76913191	7.74926188	7.76913191	7.75798853	
5.046186	7.82553931	7.8103484	7.82553931	7.81907505	
5.056305	7.87553036	7.87143493	7.87553036	7.87143493	
5.074306	7.96217814	7.9237948	7.96217814	7.9237948	
5.078559	7.98268982	7.97615468	7.98268982	7.97615468	
5.088734	8.03105317	8.03724121	8.03105317	8.03724121	
5.106867	8.11491517	8.08087444	8.11491517	8.08087444	
5.111182	8.1349091	8.11578102	8.1349091	8.11578102	
5.12129	8.18104163	8.14196096	8.18104163	8.14196096	
5.131376	8.22648011	8.17686755	8.22648011	8.17686755	
5.14158	8.27185633	8.21177413	8.27185633	8.20304748	
5.151801	8.31668056	8.25540736	8.31668056	8.24668072	
5.169985	8.39412808	8.33394718	8.39412808	8.33394718	
5.174362	8.41279972	8.36012712	8.41279972	8.36012712	
5.184434	8.45508947	8.41248699	8.45508947	8.42121364	
5.194589	8.49711253	8.46484687	8.49711253	8.47357352	
5.20475	8.53857975	8.51720675	8.53857975	8.5259334	
5.21484	8.57916704	8.56083998	8.57916704	8.56956663	
5.2251	8.61981343	8.60447321	8.61981343	8.61319986	
5.235531	8.6605197	8.64810644	8.6605197	8.65683309	
5.245986	8.70069554	8.70046632	8.70069554	8.70046632	
5.255663	8.73734935	8.74409955	8.73734935	8.73537291	
5.265585	8.77434577	8.77900614	8.77434577	8.77900614	
5.275653	8.81129886	8.82263937	8.81129886	8.81391272	
5.285744	8.84775677	8.8662726	8.84775677	8.85754595	
5.295921	8.88395119	8.90990583	8.88395119	8.90117919	
5.306033	8.91929691	8.95353906	8.91929691	8.94481242	
5.316163	8.9541322	8.98844565	8.9541322	8.98844565	
5.32628	8.98831507	9.02335223	8.98831507	9.02335223	
5.344334	9.04730335	9.05825882	9.04730335	9.05825882	
5.349925	9.06526563	9.10189205	9.06526563	9.0931654	
5.360002	9.09736296	9.13679863	9.09736296	9.11934534	
5.370198	9.12926873	9.16297857	9.12926873	9.14552528	
5.380315	9.16033459	9.17170522	9.16033459	9.16297857	
5.390458	9.19087944	9.18915851	9.19087944	9.18915851	
5.400593	9.2208282	9.2066118	9.2208282	9.2066118	
5.410713	9.25013407	9.23279174	9.25013407	9.23279174	
5.420889	9.27902115	9.26769833	9.27902115	9.26769833	
5.431017	9.30718587	9.30260491	9.30718587	9.30260491	
5.441192	9.3348903	9.3375115	9.3348903	9.32878485	
5.451382	9.36204431	9.36369144	9.36204431	9.36369144	
5.461515	9.3884644	9.38987138	9.3884644	9.38987138	
5.471731	9.4145033	9.40732467	9.4145033	9.40732467	
5.481784	9.43956054	9.44223125	9.43956054	9.44223125	
5.491871	9.46412021	9.46841119	9.46412021	9.46841119	
5.502051	9.48833098	9.49459113	9.48833098	9.48586448	
5.512197	9.5118682	9.52077107	9.5118682	9.51204442	
5.522359	9.53486117	9.54695101	9.53486117	9.53822436	
5.532464	9.55715087	9.57313095	9.55715087	9.5644043	
5.54259	9.57890872	9.59058424	9.57890872	9.59058424	
5.55282	9.60030641	9.61676418	9.60030641	9.61676418	
5.562907	9.62082167	9.63421747	9.62082167	9.64294412	
5.573075	9.64099388	9.65167076	9.64099388	9.66912406	
5.583204	9.66038511	9.6778507	9.66038511	9.68657735	
5.593293	9.67919434	9.69530399	9.67919434	9.69530399	
5.603593	9.6978078	9.72148393	9.6978078	9.70403064	
5.613693	9.71548727	9.73021058	9.71548727	9.72148393	
5.631992	9.74525087	9.74766387	9.74525087	9.74766387	
5.636278	9.75227733	9.75639052	9.75227733	9.75639052	
5.655298	9.78074329	9.75639052	9.78074329	9.77384381	
5.659665	9.78734328	9.77384381	9.78734328	9.7912971	
5.66978	9.8019236	9.78257046	9.8019236	9.8087504	
5.679957	9.81603464	9.7912971	9.81603464	9.81747704	
5.690024	9.82943735	9.80002375	9.82943735	9.82620369	
5.700194	9.84242276	9.81747704	9.84242276	9.82620369	
5.710321	9.85479721	9.82620369	9.85479721	9.82620369	
5.72045	9.86662485	9.83493033	9.86662485	9.83493033	
5.730617	9.87794575	9.85238363	9.87794575	9.84365698	
5.740713	9.88864643	9.86111027	9.88864643	9.86111027	
5.751953	9.89986333	9.87856357	9.89986333	9.86983692	
5.761036	9.90853481	9.88729021	9.90853481	9.88729021	
5.771194	9.91767223	9.89601686	9.91767223	9.89601686	
5.781322	9.92625239	9.91347015	9.92625239	9.91347015	
5.79142	9.93427584	9.9221968	9.93427584	9.9221968	
5.80162	9.94185412	9.93092344	9.94185412	9.93092344	
5.811736	9.94885033	9.93965009	9.94885033	9.93092344	
5.821838	9.95532603	9.94837674	9.95532603	9.93965009	
5.832088	9.96137564	9.95710338	9.96137564	9.95710338	
5.84213	9.96681437	9.96583003	9.96681437	9.96583003	
5.853231	9.97222415	9.96583003	9.97222415	9.97455668	
5.862779	9.97645731	9.97455668	9.97645731	9.98328332	
5.872779	9.9804362	9.98328332	9.9804362	9.98328332	
5.882748	9.9839577	9.98328332	9.9839577	9.98328332	
5.892831	9.98707602	9.99200997	9.98707602	9.97455668	
5.90301	9.98978998	9.99200997	9.98978998	9.98328332	
5.9132	9.99209361	9.99200997	9.99209361	9.98328332	
5.923263	9.99399181	9.99200997	9.99399181	9.98328332	
5.933432	9.99554881	9.99200997	9.99554881	9.99200997	
5.943572	10	9.99200997	10	9.99200997	
