0.5453963	
0.553764	
0.5660187	
0.5742845	
0.5841042	
0.594322	
0.6043967	
0.6144924	
0.6246711	
0.6348079	
0.6450186	
0.6550903	
0.665217	
0.6773577	
0.6854705	
0.6956042	
0.7057319	
0.7158867	
0.7260114	
0.7361741	
0.7463409	
0.7564456	
0.7665663	
0.776668	
0.7868548	
0.7970025	
0.8071082	
0.8172249	
0.8273657	
0.8374784	
0.8476341	
0.8577758	
0.8678766	
0.8780453	
0.888157	
0.8984487	
0.9084485	
0.9185312	
0.9287099	
0.9388627	
0.9490344	
0.9591251	
0.9694058	
0.9793736	
0.9895343	
0.999631	
1.009765	
1.019918	
1.030205	
1.040396	
1.050463	
1.060649	
1.070715	
1.080843	
1.091025	
1.10123	
1.111324	
1.121471	
1.13157	
1.141704	
1.151821	
1.161933	
1.172077	
1.182235	
1.19233	
1.202478	
1.212563	
1.222678	
1.232797	
1.242935	
1.253119	
1.263176	
1.27331	
1.283434	
1.30152	
1.305708	
1.315853	
1.325979	
1.336113	
1.346355	
1.356407	
1.366542	
1.376675	
1.386788	
1.396954	
1.40707	
1.417214	
1.427355	
1.43745	
1.447903	
1.457763	
1.46793	
1.478012	
1.488121	
1.498381	
1.508446	
1.518565	
1.528726	
1.538809	
1.548996	
1.559082	
1.569994	
1.588814	
1.592994	
1.603127	
1.613286	
1.623374	
1.633556	
1.644128	
1.653948	
1.664061	
1.674423	
1.684297	
1.694456	
1.704566	
1.71469	
1.724813	
1.734983	
1.753512	
1.75771	
1.767793	
1.777975	
1.788138	
1.798193	
1.808366	
1.818502	
1.828619	
1.83871	
1.848827	
1.859028	
1.869223	
1.87928	
1.88945	
1.899545	
1.909674	
1.919804	
1.929927	
1.940118	
1.9502	
1.960335	
1.970536	
1.980619	
1.990713	
2.000953	
2.011275	
2.021294	
2.03151	
2.041612	
2.05177	
2.061859	
2.072157	
2.082125	
2.092271	
2.102411	
2.112498	
2.122651	
2.132747	
2.142872	
2.152986	
2.163292	
2.173332	
2.183417	
2.193614	
2.203716	
2.214135	
2.223875	
2.234054	
2.24419	
2.25427	
2.264459	
2.274595	
2.284692	
2.294799	
2.305009	
2.323254	
2.327446	
2.337586	
2.347789	
2.35781	
2.368099	
2.378128	
2.388272	
2.398386	
2.408477	
2.418711	
2.428798	
2.438928	
2.449044	
2.459148	
2.469381	
2.47947	
2.489593	
2.499794	
2.509817	
2.52001	
2.530372	
2.540346	
2.550467	
2.560534	
2.58021	
2.584386	
2.59454	
2.604657	
2.61478	
2.624904	
2.64288	
2.647039	
2.657185	
2.667325	
2.677805	
2.687659	
2.69778	
2.707924	
2.717996	
2.728192	
2.738396	
2.748472	
2.758589	
2.768692	
2.778883	
2.789019	
2.799131	
2.809303	
2.819379	
2.82955	
2.839644	
2.849798	
2.859978	
2.870079	
2.880216	
2.890343	
2.900473	
2.910558	
2.920702	
2.930893	
2.941093	
2.951192	
2.961362	
2.971531	
2.981591	
2.991718	
3.001827	
3.012002	
3.022042	
3.032416	
3.042529	
3.052644	
3.062731	
3.072918	
3.082996	
3.09316	
3.103247	
3.113378	
3.123596	
3.133678	
3.143787	
3.153895	
3.164048	
3.174138	
3.184257	
3.194468	
3.20453	
3.214686	
3.224798	
3.234989	
3.245092	
3.255255	
3.265363	
3.275516	
3.285608	
3.295769	
3.305926	
3.316051	
3.326156	
3.336315	
3.346485	
3.356587	
3.366708	
3.376821	
3.387001	
3.397173	
3.407281	
3.417411	
3.427529	
3.437707	
3.447816	
3.457955	
3.468147	
3.478189	
3.488369	
3.498549	
3.508632	
3.518759	
3.529016	
3.539045	
3.549164	
3.559286	
3.571662	
3.589495	
3.593718	
3.603983	
3.613965	
3.624092	
3.634172	
3.644413	
3.654449	
3.664572	
3.674766	
3.684801	
3.703261	
3.70746	
3.7176	
3.727726	
3.737827	
3.748071	
3.758125	
3.768207	
3.778382	
3.788492	
3.798654	
3.80881	
3.818902	
3.829072	
3.839144	
3.849342	
3.859513	
3.869632	
3.879771	
3.889859	
3.900098	
3.91016	
3.92031	
3.930423	
3.940763	
3.950733	
3.960849	
3.971258	
3.981427	
3.991509	
4.001604	
4.011891	
4.022115	
4.032263	
4.042222	
4.052775	
4.062426	
4.082948	57.6843959	57.6831318	71.2368775	71.2356134	
4.087333	57.6846332	57.6831318	71.2371149	71.2356134	
4.097451	57.6854444	57.6831318	71.237926	71.2356134	
4.107645	57.6864707	57.6831318	71.2389524	71.2356134	
4.117749	57.6876904	57.6831318	71.2401721	71.2356134	
4.127909	57.6891244	57.6918584	71.2416061	71.2356134	
4.138025	57.6907563	57.6918584	71.243238	71.2356134	
4.148203	57.692606	57.6918584	71.2450877	71.2356134	
4.158312	57.6946464	57.6918584	71.2471281	71.2356134	
4.168425	57.6968929	57.6918584	71.2493745	71.2356134	
4.178684	57.6993844	57.6918584	71.251866	71.2356134	
4.188802	57.7020442	57.6918584	71.2545258	71.2356134	
4.198882	57.7048962	57.6918584	71.2573778	71.2356134	
4.209052	57.707982	57.6918584	71.2604637	71.2356134	
4.219234	57.7112793	57.6918584	71.263761	71.2356134	
4.229393	57.7147747	57.6918584	71.2672563	71.2443401	
4.239498	57.7184543	57.6918584	71.2709359	71.2443401	
4.249599	57.7223379	57.6918584	71.2748196	71.2443401	
4.259767	57.7264553	57.6918584	71.278937	71.2530667	
4.269891	57.7307586	57.6918584	71.2832403	71.2617934	
4.280078	57.7352969	57.7005851	71.2877785	71.2617934	
4.298146	57.7441436	57.7005851	71.2966252	71.2792467	
4.302852	57.7464281	57.7005851	71.2989098	71.2879733	
4.312641	57.7514233	57.7093117	71.303905	71.2966999	
4.322804	57.7568169	57.726765	71.3092986	71.3054266	
4.332906	57.7623832	57.7354917	71.3148649	71.3141532	
4.343021	57.7681626	57.7529449	71.3206442	71.3316065	
4.353139	57.7741466	57.7703982	71.3266283	71.3316065	
4.363266	57.7803475	57.7878515	71.3328292	71.3403332	
4.373453	57.786783	57.8053048	71.3392647	71.3403332	
4.383837	57.7935714	57.8140315	71.346053	71.3490598	
4.393732	57.8002211	57.8227581	71.3527027	71.3577865	
4.403982	57.8073288	57.8314848	71.3598104	71.3577865	
4.414355	57.8147376	57.8402114	71.3672192	71.3665131	
4.424196	57.8219533	57.8402114	71.3744349	71.3665131	
4.43431	57.8295788	57.8402114	71.3820605	71.3665131	
4.444456	57.8374331	57.8402114	71.3899148	71.3665131	
4.454529	57.8454347	57.8402114	71.3979164	71.3665131	
4.464703	57.8537272	57.8402114	71.4062088	71.3665131	
4.474838	57.8621853	57.8402114	71.4146669	71.3839664	
4.485131	57.8709983	57.8402114	71.42348	71.3926931	
4.495144	57.879758	57.8402114	71.4322396	71.4014197	
4.505238	57.8888003	57.8402114	71.4412819	71.4014197	
4.515625	57.8983248	57.8489381	71.4508064	71.418873	
4.525765	57.9078232	57.8576647	71.4603049	71.4275996	
4.535925	57.9175499	57.875118	71.4700316	71.4363263	
4.546041	57.9274378	57.8838446	71.4799195	71.4537796	
4.556195	57.9375644	57.9012979	71.490046	71.4625062	
4.566289	57.9478403	57.9100246	71.500322	71.4712329	
4.577034	57.9590158	57.9362045	71.5114975	71.4886862	
4.587177	57.9697671	57.9449312	71.5222488	71.5061395	
4.597332	57.9807288	57.9623845	71.5332104	71.5235927	
4.607391	57.9917913	57.9798378	71.544273	71.541046	
4.61761	58.003246	58.0060177	71.5557277	71.5497727	
4.627705	58.0147586	58.0147443	71.5672403	71.5759526	
4.637838	58.0265226	58.0409243	71.5790043	71.5846793	
4.64796	58.038481	58.0496509	71.5909627	71.6108592	
4.658098	58.0506605	58.0671042	71.6031421	71.6195859	
4.668283	58.063103	58.0845575	71.6155847	71.6457658	
4.678393	58.0756626	58.1020108	71.6281443	71.6544924	
4.68858	58.0885263	58.1194641	71.6410079	71.6719457	
4.698767	58.1015949	58.1281907	71.6540765	71.689399	
4.708853	58.1147324	58.145644	71.6672141	71.6981257	
4.718965	58.1281125	58.1543707	71.6805942	71.715579	
4.729091	58.1417177	58.1630973	71.6941994	71.7243056	
4.739269	58.1556033	58.171824	71.708085	71.7417589	
4.749432	58.1696651	58.1892773	71.7221468	71.7504855	
4.759536	58.1838544	58.1892773	71.7363361	71.7504855	
4.769667	58.1982886	58.2067306	71.7507703	71.7679388	
4.779777	58.2128928	58.2241838	71.7653744	71.7766655	
4.789992	58.2278657	58.2329105	71.7803474	71.7853921	
4.800145	58.242949	58.2503638	71.7954306	71.7941188	
4.810248	58.2581616	58.2590904	71.8106432	71.8115721	
4.820381	58.2736219	58.2678171	71.8261035	71.8202987	
4.830503	58.2892749	58.293997	71.8417565	71.837752	
4.840625	58.3051312	58.3027237	71.8576129	71.8464787	
4.850831	58.3213332	58.320177	71.8738148	71.8552053	
4.860913	58.3375291	58.3289036	71.8900107	71.8726586	
4.871099	58.3541088	58.3463569	71.9065904	71.8901119	
4.881267	58.3711327	58.3638102	71.9236144	71.9075652	
4.891405	58.3877771	58.3725368	71.9402588	71.9250185	
4.901601	58.4049918	58.3899901	71.9574735	71.9337451	
4.911652	58.422164	58.4074434	71.9746457	71.9599251	
4.921757	58.439635	58.4336234	71.9921166	71.9773784	
4.931893	58.457369	58.4510766	72.0098506	71.9948316	
4.942042	58.4753175	58.4685299	72.0277991	72.0210116	
4.952196	58.4934882	58.4947099	72.0459699	72.0384649	
4.962306	58.5117878	58.5121632	72.0642695	72.0646448	
4.972452	58.530357	58.5383431	72.0828387	72.0820981	
4.982815	58.5495461	58.5470698	72.1020277	72.0995514	
4.992746	58.5681228	58.5732497	72.1206044	72.134458	
5.002918	58.5873577	58.590703	72.1398394	72.1519113	
5.013006	58.6066326	58.6081563	72.1591143	72.1693646	
5.023117	58.62616	58.6343362	72.1786416	72.1955445	
5.033484	58.6464787	58.6517895	72.1989603	72.2129978	
5.043393	58.6659423	58.6779695	72.218424	72.2391777	
5.053764	58.6866142	58.7041494	72.2390959	72.256631	
5.063686	58.7065796	58.7216027	72.2590613	72.2740843	
5.073877	58.7273051	58.7477826	72.2797867	72.3002643	
5.084205	58.7485176	58.7739626	72.3009993	72.3089909	
5.094162	58.7691775	58.7914159	72.3216592	72.3351708	
5.10427	58.7903227	58.8175958	72.3428043	72.3526241	
5.114371	58.8116718	58.8263224	72.3641535	72.3788041	
5.124506	58.8333072	58.8525024	72.3857888	72.3962574	
5.134669	58.855218	58.861229	72.4076996	72.4137107	
5.144788	58.8772143	58.887409	72.429696	72.431164	
5.154923	58.899462	58.8961356	72.4519436	72.4486173	
5.165108	58.9220341	58.9223155	72.4745158	72.4747972	
5.175157	58.9444898	58.9397688	72.4969714	72.4835238	
5.185595	58.9680506	58.9572221	72.5205322	72.5097038	
5.195765	58.9912085	58.9834021	72.5436901	72.5358837	
5.205889	59.0144685	59.0008554	72.5669502	72.553337	
5.216009	59.0379102	59.0270353	72.5903918	72.5795169	
5.226118	59.0615423	59.0444886	72.6140239	72.6056969	
5.236345	59.0856582	59.0706685	72.6381399	72.6231502	
5.24642	59.1096125	59.0968485	72.6620941	72.6493301	
5.256589	59.1340052	59.1230284	72.6864868	72.6755101	
5.267025	59.1592639	59.1404817	72.7117455	72.70169	
5.277046	59.1837028	59.1666616	72.7361845	72.7278699	
5.287187	59.2086513	59.2015682	72.7611329	72.7627765	
5.297387	59.2339461	59.2277482	72.7864277	72.7889565	
5.307526	59.2592946	59.2626548	72.8117762	72.8151364	
5.317672	59.2848665	59.2888347	72.8373481	72.8413163	
5.327802	59.3106056	59.3150146	72.8630873	72.8674963	
5.337908	59.3364878	59.3411946	72.8889694	72.9024029	
5.348177	59.3630026	59.3761012	72.9154843	72.9285828	
5.358215	59.3891124	59.4022811	72.9415941	72.9547627	
5.368357	59.4157075	59.428461	72.9681891	72.9896693	
5.378491	59.4424842	59.454641	72.9949658	73.0158493	
5.38861	59.4694259	59.4808209	73.0219076	73.0420292	
5.39883	59.4968519	59.5157275	73.0493335	73.0769358	
5.408949	59.5241971	59.5506341	73.0766787	73.1031157	
5.419118	59.5518984	59.576814	73.1043801	73.1292957	
5.429244	59.579679	59.5942673	73.1321607	73.1554756	
5.439355	59.6076367	59.6204472	73.1601183	73.1816555	
5.449586	59.6361255	59.6553538	73.1886072	73.2078355	
5.45968	59.6644183	59.6815338	73.2168999	73.2340154	
5.469797	59.6930059	59.7077137	73.2454876	73.2601954	
5.479936	59.7218473	59.7338936	73.2743289	73.2863753	
5.490022	59.7507494	59.7600736	73.303231	73.3125552	
5.500305	59.7804295	59.7862535	73.3329111	73.3387352	
5.510405	59.8097895	59.8037068	73.3622712	73.3649151	
5.520519	59.8393803	59.8298868	73.3918619	73.391095	
5.530858	59.8698455	59.8647933	73.4223272	73.417275	
5.54075	59.8991876	59.8909733	73.4516692	73.4434549	
5.550936	59.9296183	59.9171532	73.4820999	73.4783615	
5.561092	59.9601593	59.9433332	73.5126409	73.5045414	
5.571296	59.9919192	59.9782397	73.5444008	73.5307214	
5.582835	60.0262857	60.0131463	73.5787673	73.565628	
5.59296	60.0573815	60.0393263	73.6098632	73.6005346	
5.603113	60.088773	60.0742329	73.6412546	73.6267145	
5.613286	60.1204335	60.1091394	73.6729152	73.6616211	
5.623388	60.1520575	60.144046	73.7045392	73.6965277	
5.633545	60.1841687	60.1789526	73.7366504	73.7314343	
5.644203	60.2179231	60.2138592	73.7704048	73.7663408	
5.65387	60.2487728	60.2487658	73.8012544	73.7925208	
5.663945	60.2811449	60.2836724	73.8336265	73.8274274	
5.674204	60.3143206	60.3185789	73.8668023	73.8623339	
5.684244	60.3469876	60.3534855	73.8994692	73.9059672	
5.694396	60.3802328	60.3883921	73.9327144	73.9408738	
5.704528	60.4136144	60.4232987	73.966096	73.9757803	
5.714709	60.4473552	60.4582053	73.9998368	74.0019603	
5.724799	60.4810071	60.4931119	74.0334887	74.0368669	
5.734942	60.5150319	60.5280185	74.0675136	74.0717735	
5.753342	60.5776031	60.5978316	74.1300848	74.13286	
5.757783	60.5926674	60.6065583	74.1451491	74.1503133	
5.767873	60.6271851	60.6414649	74.1796668	74.1852199	
5.77806	60.6622571	60.6763714	74.2147387	74.2113998	
5.788238	60.6974844	60.711278	74.249966	74.2463064	
5.798329	60.7326273	60.737458	74.2851089	74.281213	
5.808529	60.7683625	60.7723646	74.3208441	74.3161195	
5.818609	60.8038511	60.8072711	74.3563327	74.3510261	
5.828775	60.8398643	60.8421777	74.3923459	74.3859327	
5.838865	60.8758182	60.885811	74.4282999	74.4208393	
5.849063	60.9123914	60.9207175	74.464873	74.4557459	
5.859205	60.9489076	60.9556241	74.5013892	74.4906525	
5.869328	60.9855963	60.9905307	74.5380779	74.5342857	
5.879455	61.0224973	61.0254373	74.5749789	74.5691923	
5.889623	61.0597696	61.0603439	74.6122513	74.6128255	
5.901579	61.1039166	61.0952505	74.6563982	74.6477321	
5.909925	61.134795	61.1301571	74.6872766	74.6826387	
5.920062	61.172567	61.1650636	74.7250487	74.7175453	
5.930184	61.2104654	61.2086969	74.762947	74.7611785	
5.940328	61.2486785	61.2523301	74.8011602	74.8048117	
5.950452	61.2870136	61.2872367	74.8394953	74.8397183	
5.960602	61.3256382	61.3308699	74.8781199	74.8746249	
5.97092	61.3651322	61.3657765	74.9176139	74.9182581	
5.980878	61.4034393	61.4006831	74.955921	74.9531647	
5.990955	61.4424046	61.4443163	74.9948862	74.996798	
6.001152	61.4820352	61.4792229	75.0345169	75.0317045	
6.011355	61.5219446	61.5228561	75.0744262	75.0666111	
6.021465	61.5616468	61.5664894	75.1141285	75.1102444	
6.031566	61.6015215	61.6101226	75.1540032	75.1451509	
6.041702	61.6418722	61.6450292	75.1943538	75.1887842	
6.051788	61.6819834	61.6799358	75.234465	75.2324174	
6.061992	61.7228866	61.723569	75.2753683	75.267324	
6.07204	61.7633809	61.7584756	75.3158626	75.3109572	
6.082253	61.804726	61.8021088	75.3572076	75.3458638	
6.092409	61.8460703	61.845742	75.398552	75.389497	
6.102746	61.888367	61.8893753	75.4408487	75.4331303	
6.112984	61.9304674	61.9242819	75.482949	75.4767635	
6.122788	61.9709466	61.9591884	75.5234282	75.5203967	
6.132896	62.0129137	62.0028217	75.5653954	75.5553033	
6.142984	62.0549803	62.0551816	75.6074619	75.6076632	
6.15312	62.097474	62.0988148	75.6499557	75.6512964	
6.163257	62.1401648	62.1337214	75.6926465	75.6949297	
6.173383	62.1830185	62.1773546	75.7355001	75.7298362	
6.183585	62.2264027	62.2209878	75.7788844	75.7821961	
6.193694	62.2695949	62.2646211	75.8220765	75.8258294	
6.204193	62.314691	62.3082543	75.8671726	75.8694626	
6.213986	62.3569317	62.3518875	75.9094134	75.9130958	
6.224144	62.400935	62.3955208	75.9534167	75.9654557	
6.234233	62.4448639	62.4478806	75.9973456	76.0090889	
6.244404	62.4893664	62.4827872	76.0418481	76.0527222	
6.254523	62.5338282	62.5351471	76.0863098	76.0963554	
6.264668	62.5786013	62.5787803	76.131083	76.1399886	
6.274816	62.623607	62.6224136	76.1760886	76.1836218	
6.284934	62.668693	62.6573201	76.2211747	76.2272551	
6.29508	62.7134749	62.7009534	76.2659565	76.2708883	
6.305692	62.7601093	62.7533133	76.312591	76.3232482	
6.315652	62.80369	62.7969465	76.3561716	76.3581548	
6.325837	62.8480353	62.8405797	76.400517	76.4105147	
6.335954	62.8918923	62.8842129	76.4443739	76.4541479	
6.346042	62.9354062	62.9365728	76.4878878	76.4977811	
6.356295	62.9794405	62.9714794	76.5319221	76.5414143	
6.366368	63.0225037	63.0151126	76.5749853	76.5850476	
6.376504	63.0656248	63.0674725	76.6181064	76.6374075	
6.386654	63.1086024	63.1111058	76.661084	76.672314	
6.396753	63.1511763	63.154739	76.703658	76.7246739	
6.406916	63.1937951	63.2070989	76.7462767	76.7683071	
6.417139	63.2364966	63.2507321	76.7889782	76.8119404	
6.427268	63.278559	63.2856387	76.8310406	76.846847	
6.437386	63.320399	63.3292719	76.8728807	76.8904802	
6.447471	63.3618863	63.3729051	76.914368	76.9341134	
6.457695	63.4037589	63.425265	76.9562405	76.9777467	
6.467799	63.4449321	63.4601716	76.9974137	77.0213799	
6.47793	63.486013	63.5038048	77.0384947	77.0562865	
6.488056	63.5268679	63.5387114	77.0793496	77.0911931	
6.498173	63.5674891	63.5823447	77.1199708	77.1260996	
6.508363	63.6082023	63.6172512	77.160684	77.1697329	
6.518519	63.6485927	63.6521578	77.2010744	77.2046395	
6.528611	63.6884856	63.6957911	77.2409672	77.2482727	
6.538853	63.7288187	63.7306976	77.2813003	77.2831793	
6.548897	63.7681253	63.7743309	77.3206069	77.3180859	
6.559054	63.8076781	63.8092375	77.3601597	77.3617191	
6.569149	63.846805	63.844144	77.3992867	77.3966257	
6.581344	63.8937717	63.8790506	77.4462533	77.4402589	
6.589399	63.9246686	63.9139572	77.4771503	77.4751655	
6.599532	63.9633215	63.9488638	77.5158031	77.5100721	
6.609692	64.0018929	63.992497	77.5543746	77.5449787	
6.619896	64.0404261	64.0361303	77.5929077	77.5798853	
6.630018	64.078434	64.0710368	77.6309156	77.6235185	
6.640132	64.1162107	64.1146701	77.6686924	77.6584251	
6.650257	64.153838	64.1495767	77.7063197	77.7020583	
6.660407	64.191359	64.1932099	77.7438406	77.7369649	
6.67059	64.2287939	64.2281165	77.7812755	77.7805981	
6.680696	64.2657312	64.2630231	77.8182128	77.8155047	
6.690853	64.3026697	64.2979296	77.8551514	77.8591379	
6.700956	64.3392081	64.3328362	77.8916897	77.8940445	
6.711226	64.3772535	64.3764695	77.9297351	77.9289511	
6.721317	64.4122389	64.411376	77.9647205	77.9638577	
6.731405	64.4480979	64.4462826	78.0005796	77.9987643	
6.741531	64.483908	64.4811892	78.0363896	78.0336709	
6.751645	64.5194642	64.5160958	78.0719458	78.0685774	
6.761761	64.5548541	64.559729	78.1073357	78.103484	
6.771939	64.5902357	64.5946356	78.1427174	78.1383906	
6.782049	64.6251808	64.6295422	78.1776624	78.1732972	
6.792221	64.6601295	64.6644488	78.2126111	78.2082038	
6.802305	64.6945972	64.6993554	78.2470789	78.2431104	
6.812753	64.7300803	64.734262	78.282562	78.278017	
6.822588	64.7632975	64.7691685	78.3157791	78.3041969	
6.832718	64.7973065	64.8040751	78.3497881	78.3391035	
6.842873	64.8311933	64.8302551	78.3836749	78.3740101	
6.852952	64.8646244	64.8651617	78.417106	78.4089166	
6.863088	64.8980554	64.9000682	78.450537	78.4525499	
6.873247	64.9313625	64.9349748	78.4838441	78.4874565	
6.88336	64.9642989	64.9698814	78.5167806	78.522363	
6.893547	64.9972849	65.004788	78.5497665	78.548543	
6.903651	65.0297897	65.0396946	78.5822713	78.5834496	
6.914123	65.0632819	65.0746012	78.6157636	78.6183562	
6.923957	65.0945317	65.1095077	78.6470133	78.6445361	
6.934079	65.1264961	65.1444143	78.6789777	78.6794427	
6.944216	65.1583122	65.1793209	78.7107938	78.7143493	
6.954292	65.189732	65.2055009	78.7422136	78.7492558	
6.964536	65.2214743	65.2404074	78.7739559	78.7841624	
6.9748	65.2530868	65.275314	78.8055684	78.819069	
6.984744	65.2834838	65.301494	78.8359654	78.845249	
6.994856	65.3142137	65.3276739	78.8666953	78.8801555	
7.013275	65.3693842	65.3800338	78.9218659	78.9325154	
7.01763	65.382431	65.3887604	78.9349126	78.9412421	
7.028164	65.4137713	65.423667	78.966253	78.9761487	
7.037991	65.4427888	65.4498469	78.9952704	79.0023286	
7.048089	65.472422	65.4847535	79.0249036	79.0285085	
7.0582	65.5019014	65.5109335	79.054383	79.0634151	
7.068406	65.5314409	65.5283868	79.0839226	79.0808684	
7.078612	65.560782	65.5545667	79.1132637	79.115775	
7.088631	65.5893736	65.5894733	79.1418553	79.1419549	
7.098783	65.6181615	65.6156532	79.1706431	79.1768615	
7.108883	65.6465913	65.6418332	79.1990729	79.2030415	
7.11905	65.6750204	65.6592865	79.227502	79.2292214	
7.129229	65.7032742	65.694193	79.2557559	79.2554013	
7.139402	65.731306	65.720373	79.2837876	79.2815813	
7.149512	65.7589564	65.7465529	79.3114381	79.3077612	
7.159633	65.7864471	65.7727329	79.3389287	79.3339411	
7.169774	65.8137903	65.7989128	79.366272	79.3601211	
7.179935	65.8409825	65.8338194	79.3934641	79.3950277	
7.190071	65.8679094	65.8599993	79.420391	79.4212076	
7.200189	65.8945777	65.8861793	79.4470594	79.4473876	
7.210346	65.9211725	65.9123592	79.4736542	79.4648408	
7.220466	65.9474445	65.9385391	79.4999261	79.4997474	
7.230667	65.9737326	65.9734457	79.5262142	79.5259274	
7.240759	65.9995339	65.9996257	79.5520156	79.5521073	
7.250925	66.0253241	66.0258056	79.5778058	79.5695606	
7.261025	66.0508599	66.0432589	79.6033416	79.6044672	
7.271271	66.0767372	66.0781655	79.6292188	79.6306471	
7.281307	66.101205	66.1043454	79.6536866	79.6568271	
7.291439	66.1261088	66.1305254	79.6785904	79.6742804	
7.301587	66.1508552	66.1479787	79.7033368	79.7091869	
7.311753	66.1754335	66.1828852	79.7279152	79.7266402	
7.321818	66.1995873	66.2003385	79.7520689	79.7440935	
7.332604	66.2252328	66.2265185	79.7777145	79.7702735	
7.342247	66.2479626	66.2526984	79.8004442	79.7964534	
7.352289	66.2714492	66.2788783	79.8239308	79.8139067	
7.362407	66.294915	66.2963316	79.8473967	79.8400866	
7.372897	66.3190294	66.3225116	79.871511	79.8575399	
7.382665	66.3412912	66.3399649	79.8937729	79.8837199	
7.392837	66.3642839	66.3574182	79.9167655	79.9011732	
7.403017	66.3870854	66.3835981	79.939567	79.9273531	
7.413076	66.4094151	66.4010514	79.9618968	79.953533	
7.423194	66.4316842	66.4272313	79.9841658	79.9709863	
7.433431	66.4540201	66.4446846	80.0065017	79.9884396	
7.443593	66.4759594	66.4621379	80.028441	80.0146196	
7.453688	66.4975708	66.4883179	80.0500525	80.0320729	
7.463918	66.5192721	66.5057711	80.0717537	80.0582528	
7.474368	66.5412267	66.5319511	80.0937084	80.0757061	
7.484223	66.5617294	66.558131	80.114211	80.0931594	
7.49435	66.5826101	66.5755843	80.1350917	80.1193393	
7.504472	66.6032827	66.6017643	80.1557644	80.1367926	
7.514561	66.6236819	66.6192175	80.1761635	80.1629725	
7.52476	66.6441076	66.6366708	80.1965893	80.1891525	
7.534953	66.664319	66.6628508	80.2168006	80.2066058	
7.545124	66.6842795	66.6803041	80.2367611	80.2327857	
7.555182	66.7038204	66.706484	80.2563021	80.250239	
7.565292	66.7232648	66.7239373	80.2757465	80.2676923	
7.586789	66.7634938	66.7675705	80.3159755	80.3113255	
7.591379	66.7721066	66.7762972	80.3245883	80.3200522	
7.601255	66.7904084	66.7937505	80.3428901	80.3375055	
7.611372	66.8089647	66.8112038	80.3614464	80.3636854	
7.621587	66.8274932	66.8286571	80.3799749	80.3811387	
7.633702	66.8491622	66.8461104	80.4016439	80.4073186	
7.641884	66.8637545	66.8722903	80.4162361	80.4247719	
7.651952	66.8813576	66.8810169	80.4338392	80.4422252	
7.662082	66.8989376	66.9071969	80.4514193	80.4596785	
7.672645	66.9170513	66.9246502	80.4695329	80.4771318	
7.682331	66.9334775	66.9508301	80.4859592	80.4945851	
7.69271	66.9508733	66.9682834	80.503355	80.5120384	
7.702568	66.9672011	66.9857367	80.5196828	80.5294917	
7.712674	66.9837444	67.00319	80.536226	80.546945	
7.723005	67.0004595	67.0206433	80.5529411	80.5556716	
7.734681	67.0190617	67.0293699	80.5715433	80.5731249	
7.743166	67.032452	67.0468232	80.5849336	80.5818516	
7.753254	67.0481742	67.0555499	80.6006558	80.5993049	
7.763375	67.0637491	67.0730032	80.6162307	80.6167581	
7.781705	67.0911677	67.0904564	80.6436494	80.6429381	
7.786098	67.0977517	67.0991831	80.6502333	80.6516647	
7.796496	67.1130867	67.1166364	80.6655684	80.669118	
7.806371	67.1274599	67.125363	80.6799415	80.6778447	
7.816464	67.1419558	67.1428163	80.6944374	80.6865713	
7.826599	67.1563132	67.151543	80.7087949	80.7040246	
7.837045	67.170907	67.1602696	80.7233886	80.7214779	
7.846907	67.1844868	67.1689963	80.7369685	80.7214779	
7.85703	67.1982328	67.1864496	80.7507145	80.7389312	
7.867213	67.2118571	67.1951762	80.7643388	80.7476578	
7.877284	67.2251437	67.2039028	80.7776253	80.7563845	
7.88765	67.2386105	67.2213561	80.7910921	80.7738378	
7.897611	67.2513502	67.2300828	80.8038319	80.7912911	
7.907782	67.2641701	67.2475361	80.8166518	80.8000177	
7.917984	67.2768223	67.2562627	80.829304	80.817471	
7.928038	67.2891005	67.2649894	80.8415821	80.8261977	
7.947232	67.3116716	67.299896	80.8641533	80.8523776	
7.951619	67.3168449	67.299896	80.8693265	80.8611042	
7.961754	67.3285639	67.3086226	80.8810455	80.8698309	
7.971941	67.3401481	67.3260759	80.8926297	80.8785575	
7.982024	67.3514201	67.3348025	80.9039018	80.8960108	
7.992246	67.3626385	67.3609825	80.9151201	80.9047375	
8.002316	67.3734996	67.3697091	80.9259813	80.9134641	
8.012515	67.3843019	67.3871624	80.9367835	80.9309174	
8.022554	67.3947467	67.4046157	80.9472283	80.9396441	
8.032904	67.4053051	67.4046157	80.9577868	80.9570974	
8.042861	67.4152743	67.422069	80.967756	80.965824	
8.053027	67.4252576	67.4307957	80.9777392	80.9745506	
8.063113	67.4349636	67.4395223	80.9874452	80.9920039	
8.073216	67.4444952	67.4482489	80.9969768	81.0007306	
8.083374	67.4538837	67.4657022	81.0063653	81.0094572	
8.093578	67.4631136	67.4744289	81.0155953	81.0269105	
8.103953	67.4722965	67.4744289	81.0247781	81.0356372	
8.113803	67.4808565	67.4831555	81.0333381	81.0443638	
8.123871	67.4893593	67.5006088	81.041841	81.0530905	
8.134357	67.498034	67.5093355	81.0505157	81.0618171	
8.144255	67.506041	67.5093355	81.0585226	81.0705438	
8.154381	67.5140334	67.5093355	81.066515	81.0705438	
8.16456	67.5218761	67.5180621	81.0743578	81.0792704	
8.174597	67.5294166	67.5267888	81.0818982	81.087997	
8.184773	67.5368674	67.5355154	81.0893491	81.0967237	
8.194894	67.544086	67.5442421	81.0965676	81.0967237	
8.212911	67.5561962	67.5442421	81.1086778	81.1054503	
8.217262	67.5591371	67.5529687	81.1116188	81.1054503	
8.227379	67.5657363	67.5529687	81.1182179	81.1054503	
8.237547	67.5721786	67.5529687	81.1246602	81.114177	
8.247747	67.5784489	67.5616953	81.1309306	81.1229036	
8.257893	67.5844878	67.5616953	81.1369694	81.1229036	
8.267991	67.5903125	67.570422	81.1427941	81.1316303	
8.278092	67.5959529	67.5791486	81.1484345	81.1403569	
8.288269	67.6014416	67.5791486	81.1539233	81.1403569	
8.298577	67.6068067	67.5878753	81.1592883	81.1403569	
8.308867	67.6119656	67.5966019	81.1644473	81.1490836	
8.318757	67.6167472	67.6053286	81.1692288	81.1578102	
8.328889	67.6214588	67.6140552	81.1739405	81.1665369	
8.339069	67.6260024	67.6140552	81.1784841	81.1752635	
8.349253	67.6303608	67.6227819	81.1828425	81.1752635	
8.35937	67.634505	67.6315085	81.1869866	81.1839902	
8.369492	67.6384664	67.6402352	81.190948	81.1927168	
8.37961	67.6422449	67.6489618	81.1947265	81.2014434	
8.389819	67.6458685	67.6489618	81.1983501	81.2101701	
8.399902	67.6492687	67.6489618	81.2017504	81.2101701	
8.410074	67.6525159	67.6576885	81.2049975	81.2101701	
8.420184	67.6555631	67.6664151	81.2080448	81.2101701	
8.430267	67.6584268	67.6751417	81.2109084	81.2188967	
8.440449	67.6611385	67.6751417	81.2136201	81.2276234	
8.450629	67.663672	67.6838684	81.2161536	81.2276234	
8.460832	67.6660341	67.6838684	81.2185157	81.23635	
8.470895	67.6681952	67.6838684	81.2206768	81.23635	
8.481027	67.670207	67.6838684	81.2226886	81.2450767	
8.491285	67.6720816	67.6838684	81.2245633	81.2450767	
8.501321	67.6737128	67.6838684	81.2261944	81.2450767	
8.511511	67.6752301	67.692595	81.2277117	81.2450767	
8.521572	67.6765719	67.692595	81.2290535	81.2450767	
8.531699	67.6777687	67.692595	81.2302503	81.2450767	
8.541888	67.6831318	67.692595	81.2356134	81.2450767	
