0.03427907	
0.03883095	
0.04891668	
0.05901841	
0.06921413	
0.07933686	
0.08948359	
0.09965231	
0.109738	
0.1199068	
0.1300735	
0.1402122	
0.1503489	
0.1604527	
0.1705824	
0.1808161	
0.1908638	
0.2010026	
0.2111083	
0.221287	
0.2314418	
0.2415605	
0.2517112	
0.2618439	
0.2719237	
0.2821194	
0.2922771	
0.3024098	
0.3125326	
0.3226243	
0.332871	
0.3429277	
0.3530585	
0.3631902	
0.3733029	
0.3834636	
0.3935794	
0.4037351	
0.4138568	
0.4239786	
0.4343573	
0.444267	
0.4544057	
0.4645395	
0.4746702	
0.4848389	
0.4950786	
0.5050604	
0.5151741	
0.5255788	
0.5354645	
0.5458063	
0.556448	
0.5663637	
0.5764854	
0.5866272	
0.5968169	
0.6069356	
0.6170543	
0.6271471	
0.6374788	
0.6474045	
0.6575283	
0.66768	
0.6777407	
0.6879164	
0.6980262	
0.7101398	
0.7184036	
0.7285683	
0.7389621	
0.7490798	
0.7591565	
0.7692582	
0.779423	
0.7895227	
0.7996714	
0.8098041	
0.8199619	
0.8300406	
0.8402353	
0.850411	
0.8605178	
0.8706435	
0.8807522	
0.890943	
0.9010887	
0.9111874	
0.9213841	
0.9314819	
0.9416286	
0.9517603	
0.961894	
0.9719948	
0.9822225	
0.9922822	
1.002419	
1.012562	
1.022638	
1.032807	
1.042938	
1.053112	
1.063224	
1.073342	
1.083532	
1.093592	
1.103778	
1.113885	
1.124029	
1.134216	
1.144264	
1.154497	
1.164591	
1.174666	
1.18486	
1.194937	
1.205131	
1.215221	
1.225349	
1.23551	
1.246028	
1.255794	
1.265852	
1.275969	
1.286098	
1.296234	
1.306342	
1.316475	
1.3266	
1.336724	
1.34691	
1.357153	
1.367216	
1.377358	
1.387527	
1.397597	
1.407715	
1.417835	
1.427974	
1.438093	
1.448215	
1.458435	
1.468513	
1.478657	
1.488781	
1.499112	
1.509105	
1.519168	
1.529352	
1.539504	
1.549625	
1.559752	
1.569876	
1.580082	
1.590222	
1.600303	
1.610497	
1.620609	
1.630753	
1.641895	
1.651055	
1.661197	
1.67128	
1.681428	
1.691597	
1.70166	
1.713829	
1.721911	
1.732041	
1.74218	
1.752269	
1.762501	
1.772569	
1.782726	
1.792809	
1.802977	
1.813142	
1.823222	
1.833539	
1.843599	
1.853651	
1.863738	
1.873882	
1.884053	
1.894162	
1.904293	
1.914486	
1.924837	
1.934711	
1.944833	
1.954942	
1.965113	
1.975198	
1.98535	
1.995503	
2.005752	
2.015727	
2.025837	
2.03598	
2.046096	
2.056192	
2.066324	
2.076494	
2.08662	
2.09675	
2.106926	
2.117744	
2.135346	
2.139621	
2.149686	
2.159815	
2.16992	
2.180104	
2.190228	
2.200359	
2.210518	
2.220635	
2.230763	
2.240881	
2.251026	
2.261208	
2.271258	
2.281475	
2.29163	
2.301732	
2.311856	
2.321997	
2.332145	
2.3423	
2.352386	
2.362542	
2.372611	
2.382827	
2.392926	
2.403067	
2.41324	
2.423298	
2.433477	
2.443645	
2.45374	
2.463856	
2.473951	
2.484473	
2.495036	-2.76601182	-2.76634686	10.6642968	10.6639617	
2.504997	-2.76550394	-2.76634686	10.6648047	10.6639617	
2.515092	-2.76478422	-2.76634686	10.6655244	10.6639617	
2.525632	-2.76376112	-2.75762022	10.6665475	10.6726884	
2.547023	-2.76068613	-2.75762022	10.6696225	10.6726884	
2.551371	-2.76008577	-2.75762022	10.6702228	10.6726884	
2.561489	-2.7584255	-2.75762022	10.6718831	10.6726884	
2.571617	-2.7565576	-2.75762022	10.673751	10.6726884	
2.581945	-2.75443691	-2.74889357	10.6758717	10.6726884	
2.593008	-2.75191177	-2.74889357	10.6783968	10.6726884	
2.602349	-2.7496239	-2.74889357	10.6806847	10.6726884	
2.61247	-2.74693146	-2.74889357	10.6833771	10.6726884	
2.622635	-2.74401811	-2.74889357	10.6862905	10.6726884	
2.632735	-2.74092222	-2.74889357	10.6893864	10.6726884	
2.642917	-2.73759169	-2.74889357	10.6927169	10.6726884	
2.653108	-2.73405152	-2.74889357	10.6962571	10.6726884	
2.663179	-2.73035107	-2.74889357	10.6999575	10.6726884	
2.673317	-2.72641898	-2.74889357	10.7038896	10.6726884	
2.683405	-2.7223032	-2.74889357	10.7080054	10.6726884	
2.694875	-2.71733995	-2.74889357	10.7129686	10.6726884	
2.703677	-2.71340915	-2.74889357	10.7168994	10.681415	
2.716004	-2.70754401	-2.74889357	10.7227646	10.681415	
2.72401	-2.70364741	-2.74889357	10.7266612	10.681415	
2.734149	-2.69848115	-2.74889357	10.7318274	10.6901417	
2.744274	-2.69311876	-2.74889357	10.7371898	10.6901417	
2.754503	-2.68749104	-2.74889357	10.7428176	10.6988683	
2.764618	-2.68172145	-2.74889357	10.7485871	10.707595	
2.774683	-2.67577642	-2.74889357	10.7545322	10.7163216	
2.784973	-2.66948496	-2.74016693	10.7608236	10.7250483	
2.796072	-2.66244352	-2.74016693	10.7678651	10.7337749	
2.805302	-2.65643846	-2.74016693	10.7738701	10.7512282	
2.815286	-2.64973521	-2.73144028	10.7805734	10.7599548	
2.825419	-2.6427237	-2.73144028	10.7875849	10.7686815	
2.835733	-2.6353679	-2.72271363	10.7949407	10.7774081	
2.845689	-2.62807851	-2.72271363	10.8022301	10.7948614	
2.855802	-2.62046813	-2.71398699	10.8098405	10.8035881	
2.865929	-2.61263966	-2.69653369	10.8176689	10.8035881	
2.876037	-2.60461844	-2.68780705	10.8256902	10.8123147	
2.886296	-2.59626607	-2.6790804	10.8340425	10.8210414	
2.897378	-2.58699072	-2.65290046	10.8433179	10.8210414	
2.906521	-2.57919391	-2.64417382	10.8511147	10.829768	
2.916603	-2.57038064	-2.62672052	10.859928	10.8384947	
2.926891	-2.56117076	-2.61799388	10.8691378	10.8384947	
2.945289	-2.54387122	-2.59181394	10.8864374	10.8472213	
2.949625	-2.53982335	-2.57436065	10.8904852	10.8559479	
2.95977	-2.53007473	-2.55690735	10.9002339	10.8559479	
2.970092	-2.51994207	-2.54818071	10.9103665	10.8646746	
2.980024	-2.51000186	-2.53072742	10.9203067	10.8734012	
2.990181	-2.49962263	-2.52200077	10.930686	10.8821279	
3.000497	-2.48887173	-2.51327412	10.9414369	10.8908545	
3.010532	-2.47821523	-2.50454748	10.9520934	10.9083078	
3.020613	-2.46730512	-2.49582083	10.9630035	10.9083078	
3.0308	-2.45606716	-2.48709418	10.9742414	10.9257611	
3.040871	-2.4447634	-2.47836754	10.9855452	10.9432144	
3.051068	-2.43309969	-2.47836754	10.9972089	10.9519411	
3.06123	-2.42127682	-2.47836754	11.0090318	10.9606677	
3.071317	-2.40933493	-2.46964089	11.0209737	10.978121	
3.081466	-2.39711667	-2.46091425	11.0331919	10.9868476	
3.091604	-2.38470504	-2.44346095	11.0456036	10.9955743	
3.101816	-2.37198204	-2.44346095	11.0583266	11.0130276	
3.112081	-2.35900089	-2.42600766	11.0713077	11.0217542	
3.122237	-2.34594225	-2.40855437	11.0843663	11.0304809	
3.132364	-2.33271603	-2.39982772	11.0975926	11.0479342	
3.14267	-2.31904175	-2.37364778	11.1112668	11.0566608	
3.152838	-2.30534926	-2.36492114	11.1249593	11.0653875	
3.162964	-2.29150739	-2.34746784	11.1388012	11.0828408	
3.173151	-2.27736831	-2.33001455	11.1529403	11.0915674	
3.183314	-2.26305609	-2.31256126	11.1672525	11.1090207	
3.193337	-2.24875445	-2.30383461	11.1815541	11.1177473	
3.203605	-2.23387361	-2.28638132	11.196435	11.1352006	
3.213698	-2.21905308	-2.26892803	11.2112555	11.1526539	
3.223806	-2.20401215	-2.25147474	11.2262964	11.1701072	
3.233942	-2.18871012	-2.23402144	11.2415985	11.1875605	
3.244049	-2.17325704	-2.2078415	11.2570516	11.2137404	
3.254599	-2.15689139	-2.19911486	11.2734172	11.2311937	
3.264637	-2.14113286	-2.17293492	11.2891757	11.2573737	
3.274719	-2.12509513	-2.15548163	11.3052135	11.274827	
3.284915	-2.10867024	-2.12930169	11.3216384	11.2922803	
3.294996	-2.09222359	-2.12057504	11.338085	11.3097336	
3.305232	-2.07530616	-2.0943951	11.3550024	11.3271868	
3.315333	-2.05842751	-2.07694181	11.3718811	11.3533668	
3.325874	-2.04057798	-2.05948852	11.3897306	11.3620934	
3.335964	-2.02329483	-2.04203522	11.4070138	11.3882734	
3.346302	-2.00537056	-2.02458193	11.424938	11.397	
3.356269	-1.98789466	-2.00712864	11.4424139	11.42318	
3.366414	-1.96989902	-1.98967535	11.4604096	11.4319066	
3.376511	-1.95178151	-1.97222205	11.4785271	11.4493599	
3.386677	-1.93333462	-1.95476876	11.496974	11.4668132	
3.396783	-1.91478734	-1.94604212	11.5155213	11.4842665	
3.407084	-1.89566417	-1.91986218	11.5346444	11.5017198	
3.41711	-1.87687755	-1.91113553	11.553431	11.5191731	
3.42728	-1.85759364	-1.89368224	11.572715	11.5366264	
3.437373	-1.8382546	-1.87622895	11.592054	11.5540796	
3.447756	-1.8181472	-1.85877565	11.6121614	11.5715329	
3.457742	-1.7986074	-1.84132236	11.6317012	11.5802596	
3.467776	-1.77877382	-1.82386907	11.6515348	11.5977129	
3.477882	-1.75859698	-1.81514242	11.6717116	11.6151662	
3.487972	-1.73824462	-1.78896248	11.692064	11.6326195	
3.498314	-1.71715916	-1.77150919	11.7131494	11.6500728	
3.508439	-1.6963234	-1.74532925	11.7339852	11.6762527	
3.518563	-1.67528898	-1.72787596	11.7550196	11.693706	
3.528674	-1.6540731	-1.71042267	11.7762355	11.7198859	
3.538762	-1.63269578	-1.68424273	11.7976128	11.7460659	
3.549128	-1.61051377	-1.66678944	11.8197948	11.7722458	
3.559165	-1.58884625	-1.6406095	11.8414623	11.7896991	
3.569287	-1.56678511	-1.61442956	11.8635235	11.815879	
3.579457	-1.54440089	-1.59697627	11.8859077	11.842059	
3.589574	-1.52194244	-1.57079633	11.9083662	11.8682389	
3.599722	-1.49920443	-1.53588974	11.9311042	11.8856922	
3.609972	-1.47601982	-1.5097098	11.9542888	11.9205988	
3.620165	-1.45276602	-1.48352986	11.9775426	11.9467787	
3.630516	-1.42893818	-1.45734993	12.0013704	11.9729587	
3.640567	-1.40559977	-1.43116999	12.0247088	11.990412	
3.650747	-1.38173901	-1.40499005	12.0485696	12.0253185	
3.660892	-1.35777611	-1.37881011	12.0725325	12.0427718	
3.671004	-1.3336751	-1.35263017	12.0966335	12.0689518	
3.681145	-1.3093087	-1.32645023	12.1209999	12.0951317	
3.691256	-1.28478828	-1.30027029	12.1455203	12.1213117	
3.701456	-1.25986519	-1.282817	12.1704434	12.1474916	
3.71159	-1.23488633	-1.25663706	12.1954223	12.1649449	
3.721733	-1.2096844	-1.23045712	12.2206242	12.1998515	
3.73185	-1.18435022	-1.21300383	12.2459584	12.2173048	
3.741936	-1.15888301	-1.18682389	12.2714256	12.2347581	
3.752066	-1.1331016	-1.16064395	12.297207	12.2696646	
3.762243	-1.10698259	-1.14319066	12.323326	12.2871179	
3.772349	-1.08085254	-1.11701072	12.3494561	12.3132979	
3.790346	-1.03352513	-1.07337749	12.3967835	12.3569311	
3.794984	-1.02133942	-1.0559242	12.4089692	12.3656578	
3.804925	-0.99499003	-1.0384709	12.4353186	12.3918377	
3.815036	-0.967991959	-1.01229097	12.4623166	12.409291	
3.825123	-0.940841297	-0.977384381	12.4894673	12.4441976	
3.835239	-0.913410326	-0.951204442	12.5168983	12.4616509	
3.845419	-0.885597895	-0.93375115	12.5447107	12.4878308	
3.855474	-0.857920457	-0.907571211	12.5723881	12.5140107	
3.865662	-0.829681985	-0.872664626	12.6006266	12.5401907	
3.875842	-0.801241691	-0.846484687	12.6290669	12.5663706	
3.885907	-0.77292954	-0.820304748	12.6573791	12.6012772	
3.896004	-0.744334608	-0.79412481	12.685974	12.6274571	
3.907497	-0.711461191	-0.767944871	12.7188474	12.6536371	
3.916304	-0.686189341	-0.733038286	12.7441193	12.6885437	
3.926986	-0.655245741	-0.706858347	12.7750629	12.7234502	
3.936579	-0.627308303	-0.671951762	12.8030003	12.7583568	
3.946709	-0.597574936	-0.645771823	12.8327337	12.7932634	
3.956818	-0.567698943	-0.610865238	12.8626097	12.8194434	
3.974747	-0.513939249	-0.584685299	12.9163693	12.8805299	
3.979081	-0.500974223	-0.541052068	12.9293344	12.8979832	
3.989265	-0.470220967	-0.506145483	12.9600876	12.9241631	
3.999335	-0.439601092	-0.479965544	12.9907075	12.9590697	
4.010144	-0.406489923	-0.445058959	13.0238187	12.9852496	
4.019925	-0.376360775	-0.41887902	13.0539478	13.0201562	
4.029809	-0.345733601	-0.383972435	13.084575	13.0550628	
4.039917	-0.314186634	-0.34906585	13.116122	13.0899694	
4.050037	-0.282400437	-0.314159265	13.1479082	13.1161493	
4.060207	-0.250240276	-0.27925268	13.1800683	13.1510559	
4.070338	-0.218008095	-0.244346095	13.2123005	13.1859625	
4.080463	-0.185590075	-0.20943951	13.2447185	13.2121424	
4.090638	-0.152801168	-0.174532925	13.2775074	13.247049	
4.100741	-0.120034321	-0.148352986	13.3102743	13.2819556	
4.111428	-0.0851225388	-0.113446401	13.3451861	13.3168622	
4.12157	-0.0518292754	-0.0785398163	13.3784793	13.3604954	
4.131535	-0.0189106965	-0.0523598776	13.4113979	13.395402	
4.141692	0.0148571743	-0.0261799388	13.4451658	13.4303086	
4.15176	0.04852424	0.00872664626	13.4788328	13.4564885	
4.161951	0.082825163	0.034906585	13.5131338	13.4913951	
4.172077	0.117098183	0.0698131701	13.5474068	13.5263017	
4.18222	0.15164835	0.104719755	13.5819569	13.5612083	
4.192356	0.18636634	0.13962634	13.6166749	13.5961149	
4.202434	0.221098523	0.174532925	13.6514071	13.6310215	
4.221732	0.288550483	0.200712864	13.7188591	13.6833813	
4.226098	0.303745951	0.244346095	13.7340545	13.7008346	
4.236241	0.33938866	0.27925268	13.7696973	13.7270146	
4.246345	0.375091036	0.314159265	13.8053996	13.7619212	
4.256491	0.411166024	0.34906585	13.8414746	13.7968277	
4.266623	0.44736775	0.383972435	13.8776763	13.8230077	
4.276733	0.483716628	0.41887902	13.9140252	13.8579143	
4.286953	0.520663727	0.453785606	13.9509723	13.8928208	
4.297044	0.557343157	0.488692191	13.9876518	13.9277274	
4.307508	0.595612442	0.523598776	14.025921	13.962634	
4.317471	0.632247119	0.558505361	14.0625557	14.0062672	
4.327588	0.669631922	0.593411946	14.0999405	14.0411738	
4.337681	0.70712764	0.637045177	14.1374362	14.0760804	
4.347805	0.744962548	0.680678408	14.1752711	14.1197136	
4.35797	0.783165351	0.715584993	14.2134739	14.1546202	
4.368033	0.821163701	0.759218225	14.2514723	14.1982535	
4.378191	0.859751064	0.802851456	14.2900597	14.2418867	
4.388375	0.898629585	0.837758041	14.3289382	14.2855199	
4.398498	0.937479501	0.881391272	14.3677881	14.3291532	
4.408927	0.977724573	0.925024504	14.4080332	14.3640597	
4.419048	1.01700614	0.968657735	14.4473147	14.407693	
4.429279	1.0568976	1.01229097	14.4872062	14.4513262	
4.43932	1.09624773	1.0559242	14.5265563	14.4949594	
4.449443	1.13612896	1.09955743	14.5664376	14.5385927	
4.459606	1.17638271	1.14319066	14.6066913	14.5822259	
4.469752	1.21677488	1.18682389	14.6470835	14.6258591	
4.479873	1.25726413	1.22173048	14.6875727	14.6694924	
4.49002	1.29806355	1.26536371	14.7283721	14.7131256	
4.500352	1.33985078	1.30899694	14.7701594	14.7480322	
4.510326	1.38034974	1.35263017	14.8106583	14.7829388	
4.52068	1.4226227	1.3962634	14.8529313	14.8352986	
4.540921	1.50630246	1.47480322	14.9366111	14.9138385	
4.545303	1.52435384	1.49225651	14.9546624	14.9225651	
4.555398	1.56626766	1.53588974	14.9965763	14.9661983	
4.565719	1.60935622	1.57079633	15.0396648	15.0098316	
4.575707	1.65121784	1.60570291	15.0815264	15.0447382	
4.585791	1.69368616	1.64933614	15.1239948	15.0883714	
4.595942	1.73666043	1.68424273	15.166969	15.1320046	
4.606025	1.77954097	1.72787596	15.2098496	15.1669112	
4.616322	1.82356744	1.77150919	15.253876	15.2105444	
4.626808	1.86863673	1.81514242	15.2989453	15.2541777	
4.636503	1.91041963	1.85877565	15.3407282	15.2978109	
4.654505	1.98886905	1.93731547	15.4191776	15.3763507	
4.658815	2.00763916	1.95476876	15.4379478	15.393804	
4.669035	2.05238722	1.99840199	15.4826958	15.4374372	
4.679152	2.09688779	2.04203522	15.5271964	15.4810705	
4.689311	2.14179769	2.0943951	15.5721063	15.5159771	
4.69945	2.1868202	2.12930169	15.6171288	15.5596103	
4.709586	2.23202141	2.17293492	15.66233	15.6032435	
4.731033	2.32613816	2.26892803	15.7564468	15.6992366	
4.735403	2.34533013	2.29510797	15.7756387	15.7254166	
4.745495	2.38941038	2.3387412	15.819719	15.7603231	
4.755649	2.43356127	2.39110108	15.8638699	15.812683	
4.766096	2.47879323	2.43473431	15.9091018	15.8563163	
4.775897	2.52101534	2.47836754	15.9513239	15.8999495	
4.786003	2.56435524	2.52200077	15.9946638	15.9523094	
4.79618	2.60780249	2.57436065	16.0381111	15.9959426	
4.806263	2.65063554	2.61799388	16.0809441	16.0395758	
4.816403	2.69352782	2.66162711	16.1238364	16.0919357	
4.8266	2.73643799	2.71398699	16.1667466	16.1355689	
4.836776	2.77906763	2.75762022	16.2093762	16.1792022	
4.846956	2.82148817	2.80125345	16.2517968	16.231562	
4.857051	2.86336611	2.84488668	16.2936747	16.2751953	
4.867521	2.90659123	2.89724656	16.3368998	16.3188285	
4.877359	2.946998	2.93215314	16.3773066	16.3711884	
4.887425	2.9881511	2.97578637	16.4184597	16.4148216	
4.897548	3.02933395	3.01941961	16.4596425	16.4584548	
4.907646	3.07021367	3.06305284	16.5005223	16.5020881	
4.917818	3.11119956	3.10668607	16.5415082	16.5457213	
4.928002	3.15202444	3.14159265	16.582333	16.5893545	
4.93815	3.19247396	3.17649924	16.6227826	16.6329878	
4.948262	3.23260583	3.22013247	16.6629144	16.6678944	
4.958425	3.27272347	3.2637657	16.7030321	16.7028009	
4.968908	3.31388384	3.29867229	16.7441924	16.7377075	
4.978862	3.35278404	3.34230552	16.7830926	16.7726141	
4.988985	3.39213258	3.3772121	16.8224412	16.8162473	
4.999065	3.43110971	3.41211869	16.8614183	16.8511539	
5.009231	3.4702258	3.45575192	16.9005344	16.8860605	
5.019352	3.50897048	3.4906585	16.9392791	16.9209671	
5.029562	3.54784498	3.52556509	16.9781536	16.9558737	
5.039715	3.58629549	3.56047167	17.0166041	16.9907803	
5.049831	3.62439278	3.59537826	17.0547014	17.0256869	
5.059965	3.66236971	3.63028484	17.0926783	17.0693201	
5.070121	3.70022499	3.66519143	17.1305336	17.1042267	
5.081093	3.74088205	3.70009801	17.1711906	17.1391333	
5.091205	3.77813773	3.7350046	17.2084463	17.1827665	
5.101392	3.8154714	3.77863783	17.24578	17.2176731	
5.111431	3.85206862	3.81354442	17.2823772	17.2525797	
5.121605	3.88895213	3.848451	17.3192607	17.2962129	
5.131834	3.92584564	3.89208423	17.3561542	17.3311195	
5.141975	3.96219811	3.92699082	17.3925067	17.3660261	
5.152091	3.99824496	3.97062405	17.4285536	17.4009326	
5.162164	4.03395631	4.00553063	17.4642649	17.4358392	
5.172303	4.06970494	4.04916386	17.5000135	17.4707458	
5.182472	4.10535125	4.08407045	17.5356598	17.5056524	
5.192604	4.14065165	4.11897703	17.5709602	17.540559	
5.202747	4.17579755	4.15388362	17.6061061	17.5754656	
5.21284	4.21057297	4.1887902	17.6408816	17.6103722	
5.223012	4.24540865	4.22369679	17.6757172	17.6452787	
5.233221	4.2801987	4.25860337	17.7105073	17.6801853	
5.243328	4.31438342	4.29350996	17.744692	17.7150919	
5.253487	4.34856692	4.32841654	17.7788755	17.7499985	
5.263594	4.38237434	4.36332313	17.8126829	17.7849051	
5.273679	4.41591094	4.39822972	17.8462195	17.8198117	
5.283904	4.44970526	4.4331363	17.8800139	17.8459916	
5.294029	4.48296125	4.46804289	17.9132698	17.8808982	
5.304143	4.51597617	4.50294947	17.9462848	17.9158048	
5.314287	4.54889542	4.52912941	17.979204	17.9507114	
5.324373	4.58142311	4.56403599	18.0117317	17.9856179	
5.334665	4.61441045	4.59021593	18.044719	18.0117979	
5.34478	4.64662729	4.62512252	18.0769359	18.0467045	
5.354899	4.67864227	4.65130246	18.1089509	18.0816111	
5.36501	4.71043984	4.68620904	18.1407484	18.1165176	
5.375099	4.74197389	4.72111563	18.1722825	18.1426976	
5.3853	4.77363922	4.74729557	18.2039478	18.1776042	
5.3954	4.80480313	4.78220215	18.2351117	18.2037841	
5.405623	4.83612696	4.81710874	18.2664356	18.2386907	
5.415661	4.86669011	4.85201532	18.2969987	18.2735973	
5.426219	4.89862652	4.87819526	18.3289351	18.2997772	
5.436039	4.92814834	4.91310184	18.3584569	18.3346838	
5.446109	4.95818641	4.93928178	18.388495	18.3608637	
5.456233	4.98820101	4.96546172	18.4185096	18.3870437	
5.466344	5.01798161	5.00036831	18.4482902	18.4132236	
5.476483	5.04764758	5.02654825	18.4779562	18.4481302	
5.48666	5.07720289	5.06145483	18.5075115	18.4743101	
5.496756	5.10632871	5.09636142	18.5366373	18.5004901	
5.506981	5.13563935	5.12254135	18.5659479	18.5353967	
5.517069	5.16433001	5.14872129	18.5946386	18.5615766	
5.527501	5.19379289	5.17490123	18.6241015	18.5877565	
5.537358	5.22144882	5.20108117	18.6517574	18.6139365	
5.547493	5.24967957	5.23598776	18.6799882	18.6401164	
5.557673	5.27782292	5.27089434	18.7081315	18.6662964	
5.567701	5.30535229	5.29707428	18.7356609	18.6924763	
5.577899	5.33315549	5.32325422	18.7634641	18.7273829	
5.588028	5.3605505	5.34943416	18.7908591	18.7535628	
5.598126	5.38766404	5.3756141	18.8179726	18.7797428	
5.608261	5.41468243	5.40179403	18.844991	18.8059227	
5.618407	5.4415222	5.42797397	18.8718308	18.8321026	
5.629058	5.46948771	5.45415391	18.8997963	18.8670092	
5.638963	5.4952942	5.48033385	18.9256028	18.8931892	
5.649139	5.5215927	5.50651379	18.9519013	18.9193691	
5.65928	5.54760653	5.53269373	18.9779151	18.945549	
5.669424	5.57341812	5.55887367	19.0037267	18.971729	
5.679553	5.59900006	5.58505361	19.0293087	19.0066356	
5.689679	5.6243753	5.61123355	19.0546839	19.0240888	
5.699869	5.64969623	5.63741348	19.0800048	19.0502688	
5.70997	5.67460613	5.65486678	19.1049147	19.0764487	
5.722148	5.70432787	5.68977336	19.1346365	19.1113553	
5.730211	5.72388651	5.70722665	19.1541951	19.1288086	
5.740703	5.74913694	5.73340659	19.1794455	19.1462619	
5.750468	5.77242779	5.75958653	19.2027364	19.1811685	
5.76065	5.79651083	5.78576647	19.2268194	19.1986218	
5.77078	5.82027921	5.80321976	19.2505878	19.2160751	
5.780961	5.84395857	5.8293997	19.2742672	19.242255	
5.791049	5.86722504	5.84685299	19.2975336	19.2684349	
5.801198	5.89042939	5.86430629	19.320738	19.2858882	
5.811345	5.91342711	5.89048623	19.3437357	19.3120682	
5.821487	5.93621391	5.90793952	19.3665225	19.3382481	
5.831614	5.95876369	5.93411946	19.3890723	19.3557014	
5.841813	5.98127554	5.95157275	19.4115841	19.3818813	
5.85198	6.00351423	5.96902604	19.4338228	19.3993346	
5.86208	6.02538766	6.00393263	19.4556963	19.4255146	
5.872172	6.04705496	6.01265927	19.4773636	19.4429679	
5.882346	6.06869881	6.03883921	19.4990074	19.4604212	
5.892489	6.09007532	6.0562925	19.5203839	19.4866011	
5.902638	6.11125429	6.0737458	19.5415629	19.5040544	
5.912771	6.13220709	6.09992574	19.5625157	19.5302343	
5.922858	6.15286386	6.11737903	19.5831725	19.5476876	
5.933063	6.1735591	6.14355897	19.6038677	19.5651409	
5.943233	6.19398905	6.15228561	19.6242976	19.5913209	
5.953601	6.21459409	6.17846555	19.6449027	19.6087741	
5.963537	6.23413989	6.19591884	19.6644485	19.6262274	
5.973614	6.25377293	6.21337214	19.6840815	19.6436807	
5.983751	6.27332885	6.23082543	19.7036374	19.6698607	
5.993916	6.29272683	6.24827872	19.7230354	19.687314	
6.004071	6.31191164	6.26573201	19.7422202	19.7047673	
6.014179	6.33079723	6.28318531	19.7611058	19.7309472	
6.024316	6.34954509	6.3006386	19.7798537	19.7484005	
6.034647	6.36873599	6.31809189	19.7990446	19.7658538	
6.044705	6.38664607	6.34427183	19.8169547	19.7920337	
6.054918	6.4049193	6.35299848	19.8352279	19.809487	
6.064971	6.42271567	6.37917842	19.8530243	19.8269403	
6.07508	6.44040237	6.39663171	19.870711	19.8443936	
6.085188	6.45789989	6.414085	19.8882085	19.8618469	
6.095367	6.47530374	6.43153829	19.9056123	19.8793002	
6.105457	6.49236108	6.45771823	19.9226697	19.8967535	
6.115617	6.50933973	6.46644488	19.9396483	19.9142068	
6.125808	6.52616568	6.49262482	19.9564743	19.9316601	
6.136164	6.54305811	6.50135146	19.9733667	19.9491134	
6.146049	6.55899013	6.5275314	19.9892987	19.9665666	
6.156183	6.57511945	6.53625805	20.005428	19.9840199	
6.16645	6.59126317	6.55371134	20.0215718	20.0014732	
6.176367	6.60666089	6.56243799	20.0369695	20.0189265	
6.186532	6.62224316	6.57989128	20.0525518	20.0363798	
6.196736	6.63767476	6.59734457	20.0679834	20.0538331	
6.206999	6.65299909	6.60607122	20.0833077	20.0625598	
6.217064	6.66782692	6.62352451	20.0981355	20.080013	
6.227127	6.68245791	6.63225116	20.1127665	20.0887397	
6.238812	6.69917601	6.64970445	20.1294846	20.106193	
6.247461	6.71141703	6.66715774	20.1417256	20.1236463	
6.257548	6.72547835	6.67588439	20.1557869	20.1236463	
6.267636	6.73935184	6.69333768	20.1696604	20.1410996	
6.277798	6.75312869	6.70206433	20.1834373	20.1585529	
6.287958	6.76670128	6.71079097	20.1970099	20.1672795	
6.298081	6.7800197	6.72824427	20.2103283	20.1847328	
6.308223	6.79316887	6.73697091	20.2234775	20.1934594	
6.318395	6.80616	6.75442421	20.2364686	20.2021861	
6.328474	6.81882916	6.76315085	20.2491378	20.2196394	
6.34085	6.83407712	6.7718775	20.2643857	20.228366	
6.349085	6.84411294	6.78933079	20.2744215	20.2458193	
6.359166	6.85618762	6.79805744	20.2864962	20.254546	
6.369264	6.8680856	6.80678408	20.2983942	20.2632726	
6.379419	6.87985683	6.82423738	20.3101654	20.2807259	
6.389624	6.89148002	6.84169067	20.3217886	20.2981792	
6.399707	6.90276832	6.84169067	20.3330769	20.2981792	
6.409853	6.91392931	6.85914396	20.3442379	20.3156325	
6.420025	6.92492151	6.87659725	20.3552301	20.3243591	
6.430113	6.93562683	6.8853239	20.3659354	20.3330858	
6.440291	6.94623258	6.90277719	20.3765412	20.3505391	
6.450492	6.95665689	6.91150384	20.3869655	20.3592657	
6.460614	6.9667996	6.92023048	20.3971082	20.3679924	
6.470774	6.97678688	6.92895713	20.4070955	20.376719	
6.480835	6.98648275	6.94641042	20.4167913	20.3854457	
6.491025	6.9961046	6.94641042	20.4264132	20.3941723	
6.501152	7.00547208	6.95513707	20.4357807	20.402899	
6.511333	7.01469239	6.96386372	20.445001	20.4116256	
6.521408	7.02361333	6.97259036	20.4539219	20.4203522	
6.541003	7.04007069	6.98131701	20.4703793	20.4378055	
6.554408	7.05111071	6.99004365	20.4814193	20.4465322	
6.566722	7.06088472	7.00749695	20.4911933	20.4639855	
6.571026	7.0643159	7.01622359	20.4946245	20.4639855	
6.581148	7.07213665	7.01622359	20.5024452	20.4727121	
6.591325	7.07980112	7.02495024	20.5101097	20.4727121	
6.601426	7.08721417	7.03367689	20.5175228	20.4901654	
6.611569	7.09446912	7.04240353	20.5247777	20.4901654	
6.621726	7.10153536	7.05113018	20.5318439	20.4988921	
6.631834	7.10837707	7.05113018	20.5386857	20.5076187	
6.642019	7.11507589	7.05113018	20.5453845	20.5076187	
6.652233	7.12159839	7.05985682	20.551907	20.5163454	
6.662361	7.1278729	7.06858347	20.5581815	20.525072	
6.672457	7.13393744	7.07731012	20.564246	20.525072	
6.682627	7.13985341	7.07731012	20.570162	20.5337986	
6.692761	7.1455571	7.08603676	20.5758657	20.5337986	
6.702995	7.15112218	7.08603676	20.5814308	20.5425253	
6.713065	7.15641077	7.09476341	20.5867194	20.5425253	
6.733122	7.16602109	7.10349006	20.5963297	20.5425253	
6.737459	7.1681238	7.10349006	20.5984324	20.5512519	
6.756762	7.17655768	7.1122167	20.6068663	20.5599786	
6.761177	7.17850388	7.12094335	20.6088125	20.5599786	
6.771255	7.18272692	7.12094335	20.6130355	20.5687052	
6.781654	7.18688718	7.12094335	20.6171958	20.5774319	
6.791528	7.1906663	7.12966999	20.6209749	20.5774319	
6.801701	7.19437466	7.13839664	20.6246833	20.5861585	
6.811841	7.1978887	7.14712329	20.6281973	20.5948852	
6.821986	7.20122179	7.15584993	20.6315304	20.5948852	
6.832117	7.20437151	7.15584993	20.6346801	20.6036118	
6.842203	7.20733054	7.15584993	20.6376391	20.6036118	
6.852454	7.21015585	7.15584993	20.6404644	20.6123385	
6.862615	7.21277861	7.16457658	20.6430872	20.6123385	
6.872723	7.2152157	7.16457658	20.6455243	20.6123385	
6.882906	7.21749508	7.16457658	20.6478037	20.6123385	
6.893149	7.21961236	7.16457658	20.649921	20.6123385	
6.903158	7.22151962	7.16457658	20.6518282	20.6210651	
6.91328	7.22328128	7.16457658	20.6535899	20.6210651	
6.923411	7.22488164	7.16457658	20.6551902	20.6210651	
6.933599	7.22632913	7.16457658	20.6566377	20.6210651	
6.943647	7.22760382	7.16457658	20.6579124	20.6210651	
6.953874	7.22874602	7.16457658	20.6590546	20.6210651	
6.964066	7.23365314	7.16457658	20.6639617	20.6210651	
6.974115	7.23365314	7.16457658	20.6639617	20.6210651	
6.984284	7.23365314	7.16457658	20.6639617	20.6210651	
6.994397	7.23365314	7.16457658	20.6639617	20.6210651	
7.004727	7.23365314	7.16457658	20.6639617	20.6210651	
7.014721	7.23365314	7.16457658	20.6639617	20.6210651	
7.024811	7.23365314	7.16457658	20.6639617	20.6210651	
7.034981	7.23365314	7.16457658	20.6639617	20.6210651	
7.04506	7.23365314	7.16457658	20.6639617	20.6210651	
7.055293	7.23365314	7.16457658	20.6639617	20.6210651	
7.06542	7.23365314	7.16457658	20.6639617	20.6210651	
7.075523	7.23365314	7.16457658	20.6639617	20.6210651	
7.085703	7.23365314	7.16457658	20.6639617	20.6210651	
7.096119	7.23365314	7.16457658	20.6639617	20.6210651	
7.105932	7.23365314	7.16457658	20.6639617	20.6210651	
7.11606	7.23365314	7.16457658	20.6639617	20.6210651	
7.126171	7.23365314	7.16457658	20.6639617	20.6210651	
7.136284	7.23365314	7.16457658	20.6639617	20.6210651	
7.14642	7.23365314	7.16457658	20.6639617	20.6210651	
7.156615	7.23365314	7.16457658	20.6639617	20.6210651	
7.166759	7.23365314	7.16457658	20.6639617	20.6210651	
7.176851	7.23365314	7.16457658	20.6639617	20.6210651	
7.187066	7.23365314	7.16457658	20.6639617	20.6210651	
7.197574	7.23365314	7.16457658	20.6639617	20.6210651	
7.207284	7.23365314	7.16457658	20.6639617	20.6210651	
7.217401	7.23365314	7.16457658	20.6639617	20.6210651	
7.227535	7.23365314	7.16457658	20.6639617	20.6210651	
7.237668	7.23365314	7.16457658	20.6639617	20.6210651	
7.247809	7.23365314	7.16457658	20.6639617	20.6210651	
7.258186	7.23365314	7.16457658	20.6639617	20.6210651	
7.268387	7.23365314	7.16457658	20.6639617	20.6210651	
7.286276	7.23365314	7.16457658	20.6639617	20.6210651	
7.290579	7.23365314	7.16457658	20.6639617	20.6210651	
7.300777	7.23365314	7.16457658	20.6639617	20.6210651	
7.310966	7.23365314	7.16457658	20.6639617	20.6210651	
7.321037	7.23365314	7.16457658	20.6639617	20.6210651	
7.331188	7.23365314	7.16457658	20.6639617	20.6210651	
7.341301	7.23365314	7.16457658	20.6639617	20.6210651	
7.351449	7.23365314	7.16457658	20.6639617	20.6210651	
7.361639	7.23365314	7.16457658	20.6639617	20.6210651	
7.371785	7.23365314	7.16457658	20.6639617	20.6210651	
7.381938	7.23365314	7.16457658	20.6639617	20.6210651	
7.39205	7.23365314	7.16457658	20.6639617	20.6210651	
7.402175	7.23365314	7.16457658	20.6639617	20.6210651	
7.412351	7.23365314	7.16457658	20.6639617	20.6210651	
7.422486	7.23365314	7.16457658	20.6639617	20.6210651	
7.43261	7.23365314	7.16457658	20.6639617	20.6210651	
7.442749	7.23365314	7.16457658	20.6639617	20.6210651	
7.452883	7.23365314	7.16457658	20.6639617	20.6210651	
7.463157	7.23365314	7.16457658	20.6639617	20.6210651	
7.473295	7.23365314	7.16457658	20.6639617	20.6210651	
7.483601	7.23365314	7.16457658	20.6639617	20.6210651	
7.493635	7.23365314	7.16457658	20.6639617	20.6210651	
7.504041	7.23365314	7.16457658	20.6639617	20.6210651	
7.513926	7.23365314	7.16457658	20.6639617	20.6210651	
7.523961	7.23365314	7.16457658	20.6639617	20.6210651	
7.534126	7.23365314	7.16457658	20.6639617	20.6210651	
7.544246	7.23365314	7.16457658	20.6639617	20.6210651	
7.554345	7.23365314	7.16457658	20.6639617	20.6210651	
7.564591	7.23365314	7.16457658	20.6639617	20.6210651	
7.574703	7.23365314	7.16457658	20.6639617	20.6210651	
7.584841	7.23365314	7.16457658	20.6639617	20.6210651	
7.594994	7.23365314	7.16457658	20.6639617	20.6210651	
7.605097	7.23365314	7.16457658	20.6639617	20.6210651	
7.615235	7.23365314	7.16457658	20.6639617	20.6210651	
7.625362	7.23365314	7.16457658	20.6639617	20.6210651	
7.635502	7.23365314	7.16457658	20.6639617	20.6210651	
7.645697	7.23365314	7.16457658	20.6639617	20.6210651	
7.656072	7.23365314	7.16457658	20.6639617	20.6210651	
7.666359	7.23365314	7.16457658	20.6639617	20.6210651	
7.676493	7.23365314	7.16457658	20.6639617	20.6210651	
7.686615	7.23365314	7.16457658	20.6639617	20.6210651	
7.696709	7.23365314	7.16457658	20.6639617	20.6210651	
7.707242	7.23365314	7.16457658	20.6639617	20.6210651	
7.71706	7.23365314	7.16457658	20.6639617	20.6210651	
7.728039	7.23365314	7.16457658	20.6639617	20.6210651	
7.738123	7.23365314	7.16457658	20.6639617	20.6210651	
7.748287	7.23365314	7.16457658	20.6639617	20.6210651	
7.768028	7.23365314	7.16457658	20.6639617	20.6210651	
7.7806	7.23365314	7.16457658	20.6639617	20.6210651	
7.784967	7.23365314	7.16457658	20.6639617	20.6210651	
7.795058	7.23365314	7.16457658	20.6639617	20.6210651	
7.805194	7.23365314	7.16457658	20.6639617	20.6210651	
7.815375	7.23365314	7.16457658	20.6639617	20.6210651	
7.825468	7.23365314	7.16457658	20.6639617	20.6210651	
7.835625	7.23365314	7.16457658	20.6639617	20.6210651	
7.845809	7.23365314	7.16457658	20.6639617	20.6210651	
7.856092	7.23365314	7.16457658	20.6639617	20.6210651	
7.866708	7.23365314	7.16457658	20.6639617	20.6210651	
7.876205	7.23365314	7.16457658	20.6639617	20.6210651	
7.886271	7.23365314	7.16457658	20.6639617	20.6210651	
7.896387	7.23365314	7.16457658	20.6639617	20.6210651	
7.906502	7.23365314	7.16457658	20.6639617	20.6210651	
7.916638	7.23365314	7.16457658	20.6639617	20.6210651	
7.926762	7.23365314	7.16457658	20.6639617	20.6210651	
7.936984	7.23365314	7.16457658	20.6639617	20.6210651	
7.94709	7.23365314	7.16457658	20.6639617	20.6210651	
7.957162	7.23365314	7.16457658	20.6639617	20.6210651	
7.967986	7.23365314	7.16457658	20.6639617	20.6210651	
7.977774	7.23365314	7.16457658	20.6639617	20.6210651	
7.987551	7.23365314	7.16457658	20.6639617	20.6210651	
7.997678	7.23365314	7.16457658	20.6639617	20.6210651	
8.007799	7.23365314	7.16457658	20.6639617	20.6210651	
8.017941	7.23365314	7.16457658	20.6639617	20.6210651	
8.028074	7.23365314	7.16457658	20.6639617	20.6210651	
8.038209	7.23365314	7.16457658	20.6639617	20.6210651	
8.048388	7.23365314	7.16457658	20.6639617	20.6210651	
8.058469	7.23365314	7.16457658	20.6639617	20.6210651	
8.069438	7.23365314	7.16457658	20.6639617	20.6210651	
8.079265	7.23365314	7.16457658	20.6639617	20.6210651	
8.089225	7.23365314	7.16457658	20.6639617	20.6210651	
8.09937	7.23365314	7.16457658	20.6639617	20.6210651	
8.109524	7.23365314	7.16457658	20.6639617	20.6210651	
8.119671	7.23365314	7.16457658	20.6639617	20.6210651	
8.12981	7.23365314	7.16457658	20.6639617	20.6210651	
8.139946	7.23365314	7.16457658	20.6639617	20.6210651	
8.150102	7.23365314	7.16457658	20.6639617	20.6210651	
8.160188	7.23365314	7.16457658	20.6639617	20.6210651	
8.170701	7.23365314	7.16457658	20.6639617	20.6210651	
8.180554	7.23365314	7.16457658	20.6639617	20.6210651	
8.190671	7.23365314	7.16457658	20.6639617	20.6210651	
8.200838	7.23365314	7.16457658	20.6639617	20.6210651	
8.210913	7.23365314	7.16457658	20.6639617	20.6210651	
8.221127	7.23365314	7.16457658	20.6639617	20.6210651	
8.231259	7.23365314	7.16457658	20.6639617	20.6210651	
8.241392	7.23365314	7.16457658	20.6639617	20.6210651	
8.251525	7.23365314	7.16457658	20.6639617	20.6210651	
8.261704	7.23365314	7.16457658	20.6639617	20.6210651	
8.272788	7.23365314	7.16457658	20.6639617	20.6210651	
8.282285	7.23365314	7.16457658	20.6639617	20.6210651	
8.292435	7.23365314	7.16457658	20.6639617	20.6210651	
8.302539	7.23365314	7.16457658	20.6639617	20.6210651	
8.312634	7.23365314	7.16457658	20.6639617	20.6210651	
8.3233	7.23365314	7.16457658	20.6639617	20.6210651	
8.333012	7.23365314	7.16457658	20.6639617	20.6210651	
8.343187	7.23365314	7.16457658	20.6639617	20.6210651	
8.353287	7.23365314	7.16457658	20.6639617	20.6210651	
8.363403	7.23365314	7.16457658	20.6639617	20.6210651	
8.374902	7.23365314	7.16457658	20.6639617	20.6210651	
8.383888	7.23365314	7.16457658	20.6639617	20.6210651	
8.393842	7.23365314	7.16457658	20.6639617	20.6210651	
8.403979	7.23365314	7.16457658	20.6639617	20.6210651	
8.414091	7.23365314	7.16457658	20.6639617	20.6210651	
8.424289	7.23365314	7.16457658	20.6639617	20.6210651	
8.434408	7.23365314	7.16457658	20.6639617	20.6210651	
8.444586	7.23365314	7.16457658	20.6639617	20.6210651	
8.454671	7.23365314	7.16457658	20.6639617	20.6210651	
8.46492	7.23365314	7.16457658	20.6639617	20.6210651	
8.476985	7.23365314	7.16457658	20.6639617	20.6210651	
8.485156	7.23365314	7.16457658	20.6639617	20.6210651	
8.495229	7.23365314	7.16457658	20.6639617	20.6210651	
8.505428	7.23365314	7.16457658	20.6639617	20.6210651	
8.515419	7.23365314	7.16457658	20.6639617	20.6210651	
8.526698	7.23365314	7.16457658	20.6639617	20.6210651	
8.536005	7.23365314	7.16457658	20.6639617	20.6210651	
8.546134	7.23365314	7.16457658	20.6639617	20.6210651	
8.556265	7.23365314	7.16457658	20.6639617	20.6210651	
8.566371	7.23365314	7.16457658	20.6639617	20.6210651	
8.577649	7.23365314	7.16457658	20.6639617	20.6210651	
8.59489	7.23365314	7.16457658	20.6639617	20.6210651	
8.599359	7.23365314	7.16457658	20.6639617	20.6210651	
8.6095	7.23365314	7.16457658	20.6639617	20.6210651	
8.619596	7.23365314	7.16457658	20.6639617	20.6210651	
8.629849	7.23365314	7.16457658	20.6639617	20.6210651	
8.639913	7.23365314	7.16457658	20.6639617	20.6210651	
8.650049	7.23365314	7.16457658	20.6639617	20.6210651	
8.660232	7.23365314	7.16457658	20.6639617	20.6210651	
8.670307	7.23365314	7.16457658	20.6639617	20.6210651	
8.681639	7.23365314	7.16457658	20.6639617	20.6210651	
8.690636	7.23365314	7.16457658	20.6639617	20.6210651	
8.700777	7.23365314	7.16457658	20.6639617	20.6210651	
8.710896	7.23365314	7.16457658	20.6639617	20.6210651	
8.721005	7.23365314	7.16457658	20.6639617	20.6210651	
8.731238	7.23365314	7.16457658	20.6639617	20.6210651	
8.741306	7.23365314	7.16457658	20.6639617	20.6210651	
8.751416	7.23365314	7.16457658	20.6639617	20.6210651	
8.761553	7.23365314	7.16457658	20.6639617	20.6210651	
8.77166	7.23365314	7.16457658	20.6639617	20.6210651	
8.782989	7.23365314	7.16457658	20.6639617	20.6210651	
8.791965	7.23365314	7.16457658	20.6639617	20.6210651	
8.802114	7.23365314	7.16457658	20.6639617	20.6210651	
8.812286	7.23365314	7.16457658	20.6639617	20.6210651	
8.822365	7.23365314	7.16457658	20.6639617	20.6210651	
8.832563	7.23365314	7.16457658	20.6639617	20.6210651	
8.842711	7.23365314	7.16457658	20.6639617	20.6210651	
8.852848	7.23365314	7.16457658	20.6639617	20.6210651	
8.863022	7.23365314	7.16457658	20.6639617	20.6210651	
8.873068	7.23365314	7.16457658	20.6639617	20.6210651	
8.8851	7.23365314	7.16457658	20.6639617	20.6210651	
8.89338	7.23365314	7.16457658	20.6639617	20.6210651	
8.903549	7.23365314	7.16457658	20.6639617	20.6210651	
8.913671	7.23365314	7.16457658	20.6639617	20.6210651	
8.923767	7.23365314	7.16457658	20.6639617	20.6210651	
8.933986	7.23365314	7.16457658	20.6639617	20.6210651	
8.9441	7.23365314	7.16457658	20.6639617	20.6210651	
8.954212	7.23365314	7.16457658	20.6639617	20.6210651	
8.964394	7.23365314	7.17330323	20.6639617	20.6210651	
8.974815	7.23365314	7.18202987	20.6639617	20.6210651	
8.985736	7.23365314	7.19075652	20.6639617	20.6297918	
8.995062	7.23365314	7.19948316	20.6639617	20.6297918	
9.00514	7.23365314	7.20820981	20.6639617	20.6385184	
9.015343	7.23365314	7.2256631	20.6639617	20.6472451	
9.025404	7.23365314	7.2256631	20.6639617	20.6472451	
9.035821	7.23365314	7.2431164	20.6639617	20.6559717	
9.045816	7.23365314	7.26056969	20.6639617	20.6646983	
9.055864	7.23365314	7.26056969	20.6639617	20.6821516	
9.065947	7.23365314	7.26929633	20.6639617	20.6821516	
9.076313	7.23365314	7.27802298	20.6639617	20.6996049	
