0.04643351	
0.05082137	
0.06095505	
0.07111572	
0.0812504	
0.09138707	
0.1015437	
0.1116064	
0.1217601	
0.1319188	
0.1420274	
0.1521721	
0.1623368	
0.1724795	
0.1825891	
0.1927468	
0.2028684	
0.2129501	
0.2231317	
0.2332664	
0.2434611	
0.2535137	
0.2637624	
0.273774	
0.2839357	
0.2940494	
0.304161	
0.3142677	
0.3244393	
0.334615	
0.3446737	
0.3547793	
0.365115	
0.3751196	
0.3852463	
0.395426	
0.4054706	
0.4157373	
0.4336177	
0.4378115	
0.4479442	
0.4580708	
0.4682385	
0.4783542	
0.4884948	
0.4986455	
0.5088461	
0.5189518	
0.5290795	
0.5392771	
0.5493538	
0.5594984	
0.5696411	
0.5797818	
0.5899094	
0.6000441	
0.6101617	
0.6203304	
0.6304561	
0.6406027	
0.6507384	
0.661026	
0.6711887	
0.6813063	
0.691502	
0.7015737	
0.7117133	
0.721836	
0.7320166	
0.7421163	
0.752237	
0.7623996	
0.7724783	
0.7826829	
0.7928316	
0.8029533	
0.8130639	
0.8231596	
0.8333522	
0.8438899	
0.8539935	
0.8640832	
0.8742679	
0.8844275	
0.8945142	
0.9046238	
0.9151455	
0.9252481	
0.9353548	
0.9454945	
0.9557291	
0.9658018	
0.9762914	
0.9860801	
0.9961678	
1.006466	
1.016419	
1.026586	
1.036668	
1.046817	
1.056894	
1.067061	
1.085022	
1.089194	
1.099435	
1.109438	
1.119615	
1.12971	
1.139925	
1.150023	
1.160361	
1.170337	
1.180418	
1.190622	
1.200736	
1.210885	
1.221036	
1.231135	
1.241317	
1.25152	
1.261531	
1.271703	
1.281815	
1.292007	
1.302112	
1.312231	
1.322412	
1.332492	
1.342691	
1.352786	
1.363468	
1.373153	
1.383421	
1.393382	
1.403585	
1.413649	
1.423777	
1.433879	
1.444053	
1.454161	
1.464244	
1.474423	
1.484845	
1.494684	
1.504789	
1.514908	
1.526156	
1.535215	
1.545319	
1.555505	
1.565566	
1.575759	
1.585842	
1.596371	
1.606068	
1.627013	
1.631199	
1.641311	
1.651562	
1.661771	
1.671931	
1.682088	
1.692169	
1.702355	
1.712455	
1.722628	
1.732787	
1.742854	
1.752982	
1.763151	
1.773282	
1.783418	
1.793629	
1.803725	
1.813751	
1.82392	
1.83408	
1.844168	
1.854274	
1.864502	
1.874582	
1.884645	
1.894763	
1.904923	
1.925103	
1.929274	
1.939462	
1.949561	
1.959696	
1.969833	
1.979968	
1.990111	
2.000232	
2.010451	
2.020547	
2.030671	
2.040807	
2.050959	
2.061121	
2.071284	
2.081421	
2.091589	
2.101662	
2.111803	
2.121946	
2.132071	
2.142204	
2.152301	
2.165277	7.33088916	7.33038286	20.7699244	20.7694181	
2.172682	7.33124549	7.33038286	20.7702807	20.7694181	
2.182757	7.33196022	7.33038286	20.7709955	20.7694181	
2.19286	7.33288172	7.33038286	20.771917	20.7694181	
2.20299	7.33401173	7.33038286	20.773047	20.7694181	
2.21349	7.3354075	7.33038286	20.7744427	20.7694181	
2.223492	7.3369314	7.33038286	20.7759666	20.7781447	
2.233627	7.33868248	7.33038286	20.7777177	20.7781447	
2.243808	7.34064901	7.33038286	20.7796842	20.7781447	
2.25389	7.3427996	7.33038286	20.7818348	20.7781447	
2.2651	7.34545672	7.33038286	20.784492	20.7781447	
2.274246	7.34777009	7.33038286	20.7868053	20.7781447	
2.284367	7.35054505	7.33038286	20.7895803	20.7781447	
2.294451	7.35351274	7.33038286	20.792548	20.7781447	
2.304586	7.35670266	7.33038286	20.7957379	20.7781447	
2.315149	7.36025831	7.33038286	20.7992936	20.7781447	
2.324883	7.36371045	7.33038286	20.8027457	20.7781447	
2.334974	7.36749749	7.33038286	20.8065327	20.7781447	
2.345111	7.37151017	7.33038286	20.8105454	20.7781447	
2.355212	7.37571104	7.3391095	20.8147463	20.7781447	
2.367012	7.38092087	7.3391095	20.8199561	20.7781447	
2.375567	7.38481335	7.3391095	20.8238486	20.7781447	
2.385688	7.38963813	7.3391095	20.8286734	20.7781447	
2.395862	7.39469718	7.3391095	20.8337324	20.7781447	
2.405884	7.39988159	7.3391095	20.8389168	20.7781447	
2.416488	7.40559987	7.3391095	20.8446351	20.7781447	
2.426207	7.41101519	7.34783615	20.8500504	20.7781447	
2.436298	7.41684994	7.3565628	20.8558852	20.7868714	
2.4464	7.42289221	7.36528944	20.8619274	20.7868714	
2.456503	7.42913974	7.36528944	20.868175	20.795598	
2.466692	7.43565359	7.37401609	20.8746888	20.8043247	
2.476898	7.44238286	7.38274274	20.8814181	20.8130513	
2.487015	7.44925721	7.39146938	20.8882924	20.821778	
2.497159	7.45635667	7.40019603	20.8953919	20.8392313	
2.507245	7.46361615	7.40019603	20.9026514	20.8479579	
2.517749	7.47140539	7.41764932	20.9104406	20.8566846	
2.527658	7.47894325	7.42637597	20.9179785	20.8741379	
2.537795	7.48686159	7.43510261	20.9258968	20.8915911	
2.547941	7.49499294	7.44382926	20.9340282	20.9003178	
2.558045	7.50329439	7.45255591	20.9423296	20.9090444	
2.56822	7.51186108	7.4700092	20.9508963	20.9264977	
2.578483	7.52072054	7.47873584	20.9597558	20.9352244	
2.588544	7.52959457	7.49618914	20.9686298	20.943951	
2.598671	7.53873518	7.50491578	20.9777704	20.9526777	
2.608786	7.54807221	7.51364243	20.9871074	20.9614043	
2.618979	7.55769275	7.53109572	20.996728	20.970131	
2.629175	7.5675212	7.53982237	21.0065564	20.9788576	
2.639265	7.57744698	7.54854901	21.0164822	20.9875843	
2.649407	7.58763419	7.56600231	21.0266694	20.9963109	
2.659781	7.59827422	7.57472895	21.0373095	21.0050375	
2.669692	7.60862935	7.57472895	21.0476646	21.0137642	
2.680246	7.61989021	7.57472895	21.0589255	21.0224908	
2.69019	7.63067681	7.5834556	21.0697121	21.0312175	
2.700302	7.64186188	7.59218225	21.0808971	21.0312175	
2.710384	7.65321675	7.60090889	21.092252	21.0399441	
2.720616	7.66495384	7.60090889	21.1039891	21.0486708	
2.730728	7.67675667	7.60963554	21.1157919	21.0573974	
2.74084	7.68876044	7.60963554	21.1277957	21.0661241	
2.750926	7.70093278	7.62708883	21.139968	21.0748507	
2.761051	7.71336502	7.63581548	21.1524003	21.092304	
2.771241	7.7260842	7.64454212	21.1651194	21.1010307	
2.781442	7.73903187	7.66199542	21.1780671	21.1184839	
2.791533	7.75202565	7.67944871	21.1910609	21.1272106	
2.801677	7.76530449	7.696902	21.2043397	21.1446639	
2.811809	7.77876742	7.71435529	21.2178027	21.1621172	
2.821967	7.79248384	7.73180859	21.2315191	21.1708438	
2.832127	7.80639847	7.74926188	21.2454337	21.1882971	
2.842289	7.82052089	7.76671517	21.2595561	21.2057504	
2.8524	7.83478201	7.78416846	21.2738172	21.2319304	
2.86248	7.84920234	7.8103484	21.2882376	21.2493836	
2.872689	7.86401553	7.8278017	21.3030508	21.2755636	
2.882811	7.87891101	7.84525499	21.3179463	21.2930169	
2.900843	7.90623184	7.88016157	21.3452671	21.3279235	
2.905178	7.91277204	7.88888822	21.3518073	21.3366501	
2.925354	7.94438486	7.89761487	21.3834201	21.3715567	
2.929699	7.95115312	7.9237948	21.3901884	21.3802833	
2.939821	7.96719179	7.9412481	21.406227	21.3977366	
2.94991	7.98338777	7.95870139	21.422423	21.4064633	
2.960077	7.99991484	7.97615468	21.4389501	21.4151899	
2.97021	8.01659496	7.99360797	21.4556302	21.4326432	
2.982367	8.03693186	8.01106127	21.4759671	21.4500965	
2.992464	8.0539933	8.02851456	21.4930285	21.4588232	
3.002626	8.07138036	8.03724121	21.5104156	21.4762764	
3.01276	8.08891938	8.0546945	21.5279546	21.4850031	
3.022856	8.10660135	8.06342114	21.5456366	21.5024564	
3.033163	8.12486932	8.08087444	21.5639046	21.511183	
3.043172	8.14279757	8.09832773	21.5818328	21.5199097	
3.053301	8.16115265	8.10705438	21.6001879	21.537363	
3.063735	8.18029812	8.12450767	21.6193334	21.5548163	
3.073641	8.1987837	8.14196096	21.6378189	21.5722696	
3.083808	8.2176815	8.15941425	21.6567167	21.5897228	
3.093856	8.23671362	8.1681409	21.6757489	21.6071761	
3.104002	8.25611698	8.19432084	21.6951522	21.6246294	
3.114073	8.27558849	8.21177413	21.7146237	21.6508094	
3.124218	8.29542155	8.23795407	21.7344568	21.6769893	
3.134411	8.31554486	8.24668072	21.7545801	21.6944426	
3.144499	8.33566127	8.27286065	21.7746965	21.7293492	
3.154627	8.35606907	8.29904059	21.7951043	21.7468025	
3.164766	8.37670271	8.32522053	21.815738	21.7729824	
3.17508	8.39790915	8.35140047	21.8369444	21.7991624	
3.185613	8.41979427	8.37758041	21.8588295	21.8253423	
3.195861	8.44128188	8.40376035	21.8803171	21.8515222	
3.205875	8.46248109	8.42994029	21.9015163	21.8689755	
3.216005	8.48413443	8.45612023	21.9231697	21.9038821	
3.226438	8.50665631	8.48230016	21.9456915	21.9300621	
3.236276	8.5280925	8.51720675	21.9671277	21.9475153	
3.246381	8.55029724	8.54338669	21.9893325	21.9736953	
3.256467	8.57266331	8.56956663	22.0116985	21.9998752	
3.2666	8.59535519	8.59574657	22.0343904	22.0173285	
3.276754	8.61830293	8.6219265	22.0573382	22.0435085	
3.287695	8.64325824	8.64810644	22.0822935	22.0696884	
3.297863	8.66666253	8.66555974	22.1056978	22.0958683	
3.308016	8.69022897	8.69173967	22.1292642	22.1133216	
3.318119	8.7138829	8.71791961	22.1529181	22.1395016	
3.328276	8.73788922	8.72664626	22.1769245	22.1656815	
3.338448	8.76211176	8.7528262	22.201147	22.1831348	
3.348579	8.78645101	8.77027949	22.2254862	22.2005881	
3.358674	8.81091208	8.78773278	22.2499473	22.2180414	
3.368797	8.83564627	8.80518608	22.2746815	22.2442213	
3.379014	8.86081739	8.82263937	22.2998526	22.2616746	
3.389813	8.8876644	8.84009266	22.3266996	22.2878545	
3.399958	8.91307731	8.8662726	22.3521126	22.3053078	
3.410082	8.93864742	8.88372589	22.3776827	22.3227611	
3.420246	8.96453072	8.90117919	22.403566	22.3489411	
3.430342	8.99043117	8.92735912	22.4294664	22.375121	
3.440677	9.01717923	8.95353906	22.4562145	22.3925743	
3.45067	9.0432205	8.979719	22.4822557	22.4187542	
3.460757	9.06971113	9.00589894	22.5087464	22.4449342	
3.470929	9.09664612	9.03207888	22.5356814	22.4623875	
3.481079	9.12372607	9.05825882	22.5627613	22.4972941	
3.491885	9.15279944	9.0931654	22.5918347	22.5322006	
3.501993	9.18018435	9.11934534	22.6192196	22.5583806	
3.512096	9.20776252	9.15425193	22.6467978	22.5932872	
3.52232	9.23587572	9.18043187	22.674911	22.6194671	
3.532352	9.26366574	9.21533845	22.702701	22.6543737	
3.54254	9.29210273	9.25024504	22.731138	22.6892803	
3.552679	9.32059963	9.28515162	22.7596349	22.7241869	
3.562824	9.34932213	9.32005821	22.7883574	22.7590934	
3.573015	9.37838304	9.35496479	22.8174183	22.794	
3.583061	9.40722505	9.38987138	22.8462603	22.8289066	
3.59392	9.43867256	9.42477796	22.8777078	22.8638132	
3.604067	9.46823487	9.45968455	22.9072701	22.8987198	
3.614323	9.49885115	9.48586448	22.9378864	22.9336264	
3.632917	9.55373363	9.54695101	22.9927689	22.9947129	
3.637826	9.56832475	9.5644043	23.00736	23.0121662	
3.656086	9.6235888	9.61676418	23.062624	23.0645261	
3.660397	9.63661024	9.63421747	23.0756455	23.0819794	
3.670577	9.66761994	9.66039741	23.1066552	23.1081593	
3.680691	9.69863859	9.68657735	23.1376738	23.1343392	
3.691849	9.7331416	9.72148393	23.1721768	23.1605192	
3.701456	9.76298702	9.74766387	23.2020223	23.1954258	
3.711135	9.79323781	9.77384381	23.232273	23.2216057	
3.721409	9.82560131	9.8087504	23.2646366	23.2477856	
3.73155	9.85772501	9.84365698	23.2967602	23.2652389	
3.7417	9.89008967	9.86111027	23.3291249	23.3001455	
3.75185	9.92267006	9.88729021	23.3617053	23.3263255	
3.761979	9.95537833	9.9221968	23.3944136	23.3525054	
3.772126	9.98835408	9.94837674	23.4273893	23.387412	
3.78222	10.0213575	9.98328332	23.4603928	23.4135919	
3.794093	10.0605145	10.0094633	23.4995498	23.4397719	
3.80262	10.0887153	10.0443698	23.5277505	23.4746784	
3.812674	10.1221898	10.0705498	23.5612251	23.509585	
3.822871	10.1563668	10.1054564	23.5954021	23.5444916	
3.832956	10.1903674	10.140363	23.6294027	23.5793982	
3.843152	10.2249478	10.1752695	23.6639831	23.6143048	
3.853321	10.259657	10.2101761	23.6986922	23.6492114	
3.863414	10.2943099	10.2450827	23.7333451	23.6841179	
3.873566	10.3293547	10.2887159	23.7683899	23.7190245	
3.88376	10.3647597	10.3323492	23.8037949	23.7626578	
3.893829	10.3999251	10.3672558	23.8389603	23.806291	
3.904032	10.4357928	10.4021623	23.874828	23.8411976	
3.914098	10.4713378	10.4457956	23.9103731	23.8848308	
3.924262	10.5074759	10.4807022	23.9465112	23.928464	
3.934477	10.5439903	10.5243354	23.9830255	23.9633706	
3.944885	10.5814059	10.5679686	24.0204411	23.9982772	
3.95467	10.6167777	10.6116019	24.055813	24.0419104	
3.964798	10.6535907	10.6465084	24.0926259	24.076817	
3.974914	10.6905571	10.681415	24.1295924	24.1204503	
3.985047	10.727806	10.7163216	24.1668412	24.1553568	
3.995185	10.7652826	10.7599548	24.2043178	24.1989901	
4.005403	10.8032495	10.7948614	24.2422848	24.2338967	
4.015903	10.8425181	10.829768	24.2815533	24.2688032	
4.025643	10.8790907	10.8646746	24.3181259	24.3037098	
4.035865	10.9176952	10.9083078	24.3567305	24.3386164	
4.046302	10.9573549	10.9432144	24.3963901	24.3822497	
4.056018	10.9944386	10.978121	24.4334738	24.4171562	
4.066166	11.0333816	11.0130276	24.4724168	24.4520628	
4.076289	11.0724294	11.0479342	24.5114647	24.4869694	
4.086376	11.1115414	11.0828408	24.5505767	24.521876	
4.098575	11.1592109	11.1177473	24.5982462	24.5567826	
4.106716	11.1910952	11.1613806	24.6301304	24.5916892	
4.116836	11.2309401	11.1962872	24.6699753	24.6265957	
4.126945	11.2709617	11.2399204	24.709997	24.6615023	
4.137037	11.3111275	11.274827	24.7501628	24.6964089	
4.155505	11.3854631	11.3446401	24.8244984	24.7662221	
4.159861	11.4029881	11.3620934	24.8420234	24.7836754	
4.170019	11.4440712	11.4057267	24.8831065	24.818582	
4.180153	11.4852581	11.4406332	24.9242934	24.8622152	
4.190259	11.5265556	11.4842665	24.9655909	24.9058484	
4.201286	11.571907	11.5278997	25.0109422	24.9494817	
4.210928	11.6116738	11.5715329	25.0507091	24.9931149	
4.220742	11.6523696	11.6151662	25.0914048	25.0367481	
4.230884	11.694622	11.6587994	25.1336572	25.0803814	
4.240977	11.7368817	11.7024326	25.1759169	25.1240146	
4.251171	11.7797859	11.7460659	25.2188211	25.1763745	
4.261269	11.8224721	11.7984257	25.2615074	25.2200077	
4.271415	11.8655719	11.8333323	25.3046071	25.2636409	
4.281554	11.9088603	11.8769656	25.3478956	25.3072742	
4.291737	11.9525445	11.9293254	25.3915797	25.359634	
4.303002	12.0011529	11.9729587	25.4401881	25.3945406	
4.311996	12.0400695	12.0165919	25.4791047	25.4469005	
4.322119	12.0840891	12.0602251	25.5231243	25.4905337	
4.332262	12.1284016	12.1038584	25.5674368	25.534167	
4.342348	12.172681	12.1474916	25.6117162	25.5865268	
4.352539	12.2176346	12.1911248	25.6566698	25.6301601	
4.362685	12.2626041	12.2347581	25.7016393	25.6737933	
4.372788	12.30756	12.2783913	25.7465952	25.7261532	
4.382915	12.3528324	12.3220245	25.7918677	25.7697864	
4.393011	12.3975717	12.3656578	25.836607	25.8134196	
4.405078	12.4507645	12.4180176	25.8897997	25.8570529	
4.413382	12.4872095	12.4616509	25.9262447	25.9006861	
4.423537	12.5315898	12.4965574	25.970625	25.9443193	
4.433636	12.5755177	12.5489173	26.014553	25.9879526	
4.443806	12.6195428	12.5925506	26.058578	26.0403124	
4.453897	12.6630145	12.6361838	26.1020498	26.0839457	
4.463967	12.7062148	12.6710904	26.14525	26.1275789	
4.474169	12.7497675	12.7147236	26.1888027	26.1712121	
4.484288	12.7927494	12.7670835	26.2317847	26.2148454	
4.494844	12.8373818	12.8107167	26.276417	26.2584786	
4.505794	12.8834438	12.8456233	26.322479	26.3021118	
4.522849	12.9544568	12.8892565	26.393492	26.371925	
4.535071	13.0050994	12.976523	26.4441347	26.4242849	
4.539414	13.0230973	12.9852496	26.4621325	26.4417382	
4.549505	13.06465	13.0288829	26.5036853	26.4853714	
4.559689	13.1063899	13.0725161	26.5454251	26.5290046	
4.577817	13.179882	13.1510559	26.6189172	26.5988178	
4.58216	13.1974969	13.1685092	26.6365321	26.6162711	
4.592298	13.2383682	13.2121424	26.6774035	26.6511777	
4.602421	13.2789907	13.2557757	26.7180259	26.6948109	
4.612578	13.319555	13.2994089	26.7585902	26.7384441	
4.622954	13.3607644	13.3343155	26.7997996	26.7820774	
4.632884	13.4000062	13.3779487	26.8390414	26.8257106	
4.643036	13.4399251	13.4215819	26.8789603	26.8606172	
4.653179	13.4795682	13.4652152	26.9186035	26.8955238	
4.663457	13.5195737	13.5001218	26.958609	26.939157	
4.673463	13.5583006	13.543755	26.9973359	26.9827902	
4.683575	13.597225	13.5786616	27.0362603	27.0176968	
4.69371	13.6360404	13.6135682	27.0750757	27.0526034	
4.703782	13.674443	13.6572014	27.1134782	27.0962366	
4.714014	13.7132029	13.692108	27.1522382	27.1311432	
4.724194	13.7515784	13.7270146	27.1906136	27.1747765	
4.734271	13.7893565	13.7706478	27.2283917	27.209683	
4.744422	13.827202	13.8055544	27.2662373	27.2445896	
4.754887	13.8660151	13.840461	27.3050504	27.2794962	
4.764671	13.9021041	13.8753676	27.3411393	27.3144028	
4.775029	13.940087	13.9190008	27.3791222	27.3493094	
4.785144	13.9769878	13.9539074	27.4160231	27.384216	
4.795263	14.0136881	13.988814	27.4527234	27.4278492	
4.805411	14.0503166	14.0324472	27.4893519	27.4627558	
4.815887	14.0878808	14.0673538	27.5269161	27.506389	
4.825974	14.1238511	14.1022604	27.5628863	27.5412956	
4.836146	14.1599137	14.1371669	27.598949	27.5762022	
4.846212	14.1954171	14.1720735	27.6344523	27.6111088	
4.856523	14.2315558	14.2069801	27.670591	27.654742	
4.866524	14.2664081	14.2418867	27.7054433	27.6896486	
4.876606	14.3013496	14.2767933	27.7403848	27.7245552	
4.886772	14.3363684	14.3116999	27.7754037	27.7594618	
4.896913	14.3711032	14.3466065	27.8101385	27.7943683	
4.90704	14.4055823	14.381513	27.8446176	27.8292749	
4.918467	14.444798	14.4164196	27.8838332	27.8641815	
4.928031	14.4763785	14.4513262	27.9154138	27.8990881	
4.93813	14.5101368	14.4949594	27.949172	27.9339947	
4.948238	14.5437082	14.529866	27.9827435	27.9601746	
4.958422	14.5773413	14.5647726	28.0163765	27.9950812	
4.968535	14.6105368	14.5909525	28.049572	28.0299878	
4.978738	14.6438258	14.6258591	28.082861	28.0648944	
4.988834	14.6765411	14.6607657	28.1155764	28.0910743	
4.99892	14.7090408	14.6956723	28.1480761	28.1259809	
5.009102	14.7416296	14.7305789	28.1806648	28.1521608	
5.020028	14.77637	14.7654855	28.2154052	28.1870674	
5.030138	14.8083086	14.8003921	28.2473438	28.221974	
5.040242	14.8400156	14.8352986	28.2790509	28.2568806	
5.050426	14.8717852	14.8614786	28.3108205	28.2917872	
5.060493	14.9029831	14.8963852	28.3420183	28.3266938	
5.070683	14.9343541	14.9225651	28.3733893	28.3528737	
5.080814	14.9653549	14.948745	28.4043901	28.3790536	
5.091029	14.9963918	14.9836516	28.435427	28.4139602	
5.101139	15.0268834	15.0098316	28.4659186	28.4488668	
5.111179	15.0569789	15.0447382	28.4960141	28.4750467	
5.121408	15.0874546	15.0796447	28.5264898	28.5012267	
5.131743	15.1180232	15.1058247	28.5570584	28.5361333	
5.141666	15.1471525	15.1407313	28.5861878	28.5710399	
5.151789	15.1766869	15.1669112	28.6157221	28.5972198	
5.161922	15.206066	15.1930911	28.6451013	28.6321264	
5.172103	15.2353375	15.2192711	28.6743727	28.6583063	
5.182195	15.2641683	15.2541777	28.7032036	28.6844863	
5.192321	15.2928837	15.2803576	28.7319189	28.7106662	
5.202502	15.3215652	15.3065375	28.7606004	28.7368461	
5.212581	15.3497528	15.3327175	28.7887881	28.7630261	
5.222816	15.3781641	15.3588974	28.8171993	28.789206	
5.232962	15.4061245	15.3850774	28.8451597	28.815386	
5.24311	15.4338803	15.4112573	28.8729155	28.8502925	
5.253325	15.4616168	15.4374372	28.900652	28.8764725	
5.263487	15.489447	15.4636172	28.9284822	28.9026524	
5.273518	15.5158433	15.4897971	28.9548786	28.9288324	
5.283665	15.5427998	15.5159771	28.9818351	28.9550123	
5.293795	15.5694734	15.5334303	29.0085087	28.9899189	
5.303904	15.5959047	15.5683369	29.03494	29.0160988	
5.314003	15.6221177	15.5945169	29.0611529	29.0422788	
5.32425	15.6484969	15.6206968	29.0875321	29.0684587	
5.33442	15.6744733	15.6468767	29.1135085	29.0946386	
5.344504	15.7000215	15.6730567	29.1390567	29.1208186	
5.354644	15.7255145	15.6992366	29.1645497	29.1469985	
5.365044	15.7514536	15.7254166	29.1904889	29.1731784	
5.374858	15.775729	15.7515965	29.2147643	29.1993584	
5.385411	15.8016262	15.7777764	29.2406614	29.234265	
5.395154	15.8253271	15.8039564	29.2643623	29.2517183	
5.405315	15.8498486	15.8301363	29.2888838	29.2778982	
5.415387	15.8739644	15.8563163	29.3129997	29.3040781	
5.433914	15.9174866	15.8824962	29.3565219	29.356438	
5.438289	15.9277637	15.9174028	29.3667989	29.3651647	
5.448456	15.9514415	15.9435827	29.3904767	29.3913446	
5.458596	15.974839	15.961036	29.4138743	29.4087979	
5.468762	15.9980984	15.9872159	29.4371336	29.4349778	
5.478866	16.021012	16.0133959	29.4600472	29.4611578	
5.48902	16.0438408	16.0308492	29.4828761	29.4786111	
5.49916	16.066417	16.0570291	29.5054523	29.504791	
5.509327	16.0888616	16.0832091	29.5278969	29.5222443	
5.519477	16.1110648	16.1006623	29.5501001	29.5484242	
5.529662	16.1331453	16.1268423	29.5721805	29.5658775	
5.539919	16.1551599	16.1355689	29.5941951	29.5833308	
5.54993	16.1764464	16.1617489	29.6154816	29.6095108	
5.560033	16.1977341	16.1792022	29.6367694	29.6182374	
5.570212	16.2189804	16.1966555	29.6580157	29.6444173	
5.580351	16.23993	16.2228354	29.6789653	29.6618706	
5.590502	16.2607249	16.231562	29.6997601	29.6880506	
5.600624	16.2812277	16.257742	29.720263	29.7055039	
5.610771	16.3015856	16.2751953	29.7406209	29.7229572	
5.632038	16.3431531	16.3188285	29.7821884	29.7578637	
5.636853	16.3525769	16.3362818	29.7916121	29.7665904	
5.646943	16.3721001	16.3537351	29.8111353	29.7927703	
5.657116	16.3915883	16.3711884	29.8306235	29.8102236	
5.66754	16.4113418	16.3886417	29.8503771	29.8276769	
5.677779	16.4305232	16.406095	29.8695584	29.8451302	
5.687802	16.4491112	16.4235483	29.8881464	29.8625835	
5.697973	16.4677736	16.4410016	29.9068088	29.8800368	
5.708146	16.4862301	16.4584548	29.9252654	29.8974901	
5.718437	16.5047014	16.4759081	29.9437367	29.9149434	
5.729583	16.5244452	16.4933614	29.9634804	29.9323967	
5.738581	16.5402301	16.5108147	29.9792653	29.94985	
5.748727	16.5578335	16.528268	29.9968687	29.9673033	
5.758835	16.5751582	16.5457213	30.0141934	29.9847565	
5.768931	16.5922703	16.5719012	30.0313055	30.0022098	
5.779134	16.6093626	16.5806279	30.0483978	30.0196631	
5.789318	16.6262045	16.6068078	30.0652397	30.0371164	
5.79942	16.6427221	16.6155345	30.0817574	30.0545697	
5.80951	16.6590137	16.6417144	30.0980489	30.072023	
5.819641	16.6751771	16.6504411	30.1142124	30.0894763	
5.83169	16.6940931	16.6678944	30.1331284	30.1069296	
5.840363	16.707584	16.6853476	30.1466193	30.1243829	
5.850131	16.7225745	16.7028009	30.1616098	30.1418362	
5.860238	16.7378878	16.7202542	30.176923	30.1505628	
5.870358	16.7530225	16.7289809	30.1920578	30.1680161	
5.880485	16.7679636	16.7464342	30.2069988	30.1854694	
5.890662	16.7827819	16.7638875	30.2218171	30.2029227	
5.900801	16.7973393	16.7813408	30.2363746	30.2116494	
5.910924	16.8116648	16.7900674	30.2507001	30.2291026	
5.923138	16.8286514	16.8075207	30.2676866	30.2465559	
5.93237	16.8413425	16.824974	30.2803777	30.2552826	
5.941679	16.8539652	16.8337006	30.2930004	30.2727359	
5.951409	16.8669724	16.8511539	30.3060077	30.2814625	
5.961575	16.8803549	16.8598806	30.3193901	30.2989158	
5.971688	16.8934694	16.8686072	30.3325047	30.3076425	
5.981876	16.9064803	16.8860605	30.3455155	30.3163691	
5.991997	16.9192025	16.8947872	30.3582377	30.3338224	
6.002156	16.9317791	16.9035138	30.3708144	30.342549	
6.012299	16.9441245	16.9122405	30.3831598	30.3512757	
6.022413	16.9562414	16.9296937	30.3952767	30.3600023	
6.034512	16.9704308	16.9296937	30.4094661	30.368729	
6.042811	16.9800572	16.947147	30.4190924	30.3861823	
6.05289	16.9915263	16.9558737	30.4305615	30.3861823	
6.062966	17.0028012	16.9646003	30.4418365	30.4036356	
6.073101	17.013942	16.973327	30.4529772	30.4123622	
6.083324	17.0249755	16.9907803	30.4640107	30.4210889	
6.093449	17.0357072	16.9995069	30.4747424	30.4385422	
6.103638	17.0463046	17.0082336	30.4853398	30.4472688	
6.113659	17.0565282	17.0256869	30.4955634	30.4559954	
6.123846	17.0667244	17.0344135	30.5057597	30.4734487	
6.135167	17.0778024	17.0431401	30.5168377	30.4821754	
6.144499	17.086771	17.0605934	30.5258063	30.490902	
6.154241	17.095944	17.0693201	30.5349793	30.5083553	
6.164508	17.1054158	17.0780467	30.544451	30.517082	
6.174515	17.1144481	17.0867734	30.5534834	30.5258086	
6.184955	17.1236623	17.1042267	30.5626975	30.5345353	
6.194768	17.1321403	17.1042267	30.5711755	30.5519886	
6.204905	17.1407032	17.1129533	30.5797384	30.5607152	
6.215026	17.1490477	17.1304066	30.5880829	30.5607152	
6.225144	17.1571965	17.1391333	30.5962318	30.5781685	
6.237189	17.1666075	17.1391333	30.6056428	30.5868951	
6.24554	17.1730141	17.1478599	30.6120494	30.5956218	
6.255585	17.180518	17.1565865	30.6195532	30.5956218	
6.273673	17.1932719	17.1653132	30.6323072	30.6043484	
6.277986	17.1963327	17.1740398	30.6353679	30.6130751	
6.288175	17.2033142	17.1740398	30.6423494	30.6130751	
6.298338	17.2100782	17.1740398	30.6491135	30.6218017	
6.308479	17.216635	17.1827665	30.6556702	30.6218017	
6.318609	17.2229925	17.1827665	30.6620277	30.6305284	
6.328688	17.2291237	17.1914931	30.668159	30.6305284	
6.339909	17.2357051	17.2002198	30.6747403	30.6305284	
6.349131	17.2409676	17.2002198	30.6800028	30.6305284	
6.359116	17.2464694	17.2089464	30.6855047	30.639255	
6.369308	17.2518948	17.2089464	30.6909301	30.639255	
6.379415	17.2570806	17.2089464	30.6961158	30.6479817	
6.389616	17.262122	17.2089464	30.7011573	30.6567083	
6.399755	17.2669431	17.2176731	30.7059783	30.6567083	
6.409895	17.2715747	17.2263997	30.71061	30.665435	
6.420088	17.276038	17.2263997	30.7150733	30.665435	
6.43012	17.2802455	17.2351264	30.7192807	30.6741616	
6.442047	17.284971	17.243853	30.7240062	30.6828883	
6.450518	17.2882203	17.243853	30.7272555	30.6916149	
6.460587	17.291886	17.243853	30.7309212	30.7003415	
6.470778	17.2954063	17.2525797	30.7344415	30.7003415	
6.480865	17.2987101	17.2613063	30.7377453	30.7090682	
6.491064	17.3018651	17.2700329	30.7409004	30.7177948	
6.501186	17.3048128	17.2700329	30.743848	30.7177948	
6.511338	17.3075905	17.2787596	30.7466257	30.7265215	
6.521513	17.3101925	17.2787596	30.7492277	30.7265215	
6.531596	17.3125964	17.2787596	30.7516317	30.7265215	
6.542719	17.3150284	17.2787596	30.7540637	30.7265215	
6.552303	17.31698	17.2874862	30.7560152	30.7265215	
6.562134	17.318819	17.2874862	30.7578542	30.7265215	
6.572298	17.3205487	17.2874862	30.759584	30.7265215	
6.582388	17.3221037	17.2787596	30.7611389	30.7265215	
6.592542	17.3235047	17.2787596	30.7625399	30.7265215	
6.602698	17.3247485	17.2787596	30.7637838	30.7265215	
6.612773	17.3258321	17.2787596	30.7648673	30.7265215	
6.622979	17.3303829	17.2787596	30.7694181	30.7265215	
6.63305	17.3303829	17.2787596	30.7694181	30.7265215	
6.644794	17.3303829	17.2787596	30.7694181	30.7265215	
6.653571	17.3303829	17.2787596	30.7694181	30.7265215	
6.663764	17.3303829	17.2787596	30.7694181	30.7265215	
6.673937	17.3303829	17.2787596	30.7694181	30.7265215	
6.683972	17.3303829	17.2787596	30.7694181	30.7265215	
6.693994	17.3303829	17.2787596	30.7694181	30.7265215	
6.704157	17.3303829	17.2787596	30.7694181	30.7265215	
6.714276	17.3303829	17.2787596	30.7694181	30.7265215	
6.724585	17.3303829	17.2787596	30.7694181	30.7265215	
6.734648	17.3303829	17.2787596	30.7694181	30.7265215	
6.746873	17.3303829	17.2787596	30.7694181	30.7265215	
6.755329	17.3303829	17.2787596	30.7694181	30.7265215	
6.76509	17.3303829	17.2787596	30.7694181	30.7265215	
6.775212	17.3303829	17.2787596	30.7694181	30.7265215	
6.785323	17.3303829	17.2787596	30.7694181	30.7265215	
6.795471	17.3303829	17.2787596	30.7694181	30.7265215	
6.805686	17.3303829	17.2787596	30.7694181	30.7265215	
6.815803	17.3303829	17.2787596	30.7694181	30.7265215	
6.825903	17.3303829	17.2787596	30.7694181	30.7265215	
6.836085	17.3303829	17.2787596	30.7694181	30.7265215	
6.846482	17.3303829	17.2787596	30.7694181	30.7265215	
6.856331	17.3303829	17.2787596	30.7694181	30.7265215	
6.866471	17.3303829	17.2787596	30.7694181	30.7265215	
6.876575	17.3303829	17.2787596	30.7694181	30.7265215	
6.886675	17.3303829	17.2787596	30.7694181	30.7265215	
6.896844	17.3303829	17.2787596	30.7694181	30.7265215	
6.906968	17.3303829	17.2787596	30.7694181	30.7265215	
6.917145	17.3303829	17.2787596	30.7694181	30.7265215	
6.936584	17.3303829	17.2787596	30.7694181	30.7265215	
6.940931	17.3303829	17.2787596	30.7694181	30.7265215	
6.952943	17.3303829	17.2787596	30.7694181	30.7265215	
6.961225	17.3303829	17.2787596	30.7694181	30.7265215	
6.971362	17.3303829	17.2787596	30.7694181	30.7265215	
6.981564	17.3303829	17.2787596	30.7694181	30.7265215	
6.991662	17.3303829	17.2787596	30.7694181	30.7265215	
7.001835	17.3303829	17.2787596	30.7694181	30.7265215	
7.012061	17.3303829	17.2787596	30.7694181	30.7265215	
7.022113	17.3303829	17.2787596	30.7694181	30.7265215	
7.032257	17.3303829	17.2787596	30.7694181	30.7265215	
7.042351	17.3303829	17.2787596	30.7694181	30.7265215	
7.052763	17.3303829	17.2787596	30.7694181	30.7265215	
7.062624	17.3303829	17.2787596	30.7694181	30.7265215	
7.072831	17.3303829	17.2787596	30.7694181	30.7265215	
7.082952	17.3303829	17.2787596	30.7694181	30.7265215	
7.093093	17.3303829	17.2787596	30.7694181	30.7265215	
7.10328	17.3303829	17.2787596	30.7694181	30.7265215	
7.113356	17.3303829	17.2787596	30.7694181	30.7265215	
7.12355	17.3303829	17.2787596	30.7694181	30.7265215	
7.13372	17.3303829	17.2787596	30.7694181	30.7265215	
7.143777	17.3303829	17.2787596	30.7694181	30.7265215	
7.162987	17.3303829	17.2787596	30.7694181	30.7265215	
7.167494	17.3303829	17.2787596	30.7694181	30.7265215	
7.177641	17.3303829	17.2787596	30.7694181	30.7265215	
7.187734	17.3303829	17.2787596	30.7694181	30.7265215	
7.197918	17.3303829	17.2787596	30.7694181	30.7265215	
7.208052	17.3303829	17.2787596	30.7694181	30.7265215	
7.218193	17.3303829	17.2787596	30.7694181	30.7265215	
7.228376	17.3303829	17.2787596	30.7694181	30.7265215	
7.238461	17.3303829	17.2787596	30.7694181	30.7265215	
7.248613	17.3303829	17.2787596	30.7694181	30.7265215	
7.258819	17.3303829	17.2787596	30.7694181	30.7265215	
7.268967	17.3303829	17.2787596	30.7694181	30.7265215	
7.279051	17.3303829	17.2787596	30.7694181	30.7265215	
7.289227	17.3303829	17.2787596	30.7694181	30.7265215	
7.299356	17.3303829	17.2787596	30.7694181	30.7265215	
7.309606	17.3303829	17.2787596	30.7694181	30.7265215	
7.319681	17.3303829	17.2787596	30.7694181	30.7265215	
7.329818	17.3303829	17.2787596	30.7694181	30.7265215	
7.340092	17.3303829	17.2787596	30.7694181	30.7265215	
7.350088	17.3303829	17.2787596	30.7694181	30.7265215	
7.360278	17.3303829	17.2787596	30.7694181	30.7265215	
7.370445	17.3303829	17.2787596	30.7694181	30.7265215	
7.380572	17.3303829	17.2787596	30.7694181	30.7265215	
7.390696	17.3303829	17.2787596	30.7694181	30.7265215	
7.400796	17.3303829	17.2787596	30.7694181	30.7265215	
7.410988	17.3303829	17.2787596	30.7694181	30.7265215	
7.421109	17.3303829	17.2787596	30.7694181	30.7265215	
7.431246	17.3303829	17.2787596	30.7694181	30.7265215	
7.44141	17.3303829	17.2787596	30.7694181	30.7265215	
7.451528	17.3303829	17.2787596	30.7694181	30.7265215	
7.461717	17.3303829	17.2787596	30.7694181	30.7265215	
7.471901	17.3303829	17.2787596	30.7694181	30.7265215	
7.482007	17.3303829	17.2787596	30.7694181	30.7265215	
7.492202	17.3303829	17.2787596	30.7694181	30.7265215	
7.502249	17.3303829	17.2787596	30.7694181	30.7265215	
7.512443	17.3303829	17.2787596	30.7694181	30.7265215	
7.522554	17.3303829	17.2787596	30.7694181	30.7265215	
7.532705	17.3303829	17.2787596	30.7694181	30.7265215	
7.542838	17.3303829	17.2787596	30.7694181	30.7265215	
7.552923	17.3303829	17.2787596	30.7694181	30.7265215	
7.563196	17.3303829	17.2787596	30.7694181	30.7265215	
7.573363	17.3303829	17.2787596	30.7694181	30.7265215	
7.583466	17.3303829	17.2787596	30.7694181	30.7265215	
7.593576	17.3303829	17.2787596	30.7694181	30.7265215	
7.60372	17.3303829	17.2787596	30.7694181	30.7265215	
7.614105	17.3303829	17.2787596	30.7694181	30.7265215	
7.632753	17.3303829	17.2787596	30.7694181	30.7265215	
7.637165	17.3303829	17.2787596	30.7694181	30.7265215	
7.647288	17.3303829	17.2787596	30.7694181	30.7265215	
7.6577	17.3303829	17.2787596	30.7694181	30.7265215	
7.667975	17.3303829	17.2787596	30.7694181	30.7265215	
7.678125	17.3303829	17.2787596	30.7694181	30.7265215	
7.688097	17.3303829	17.2787596	30.7694181	30.7265215	
7.698203	17.3303829	17.2787596	30.7694181	30.7265215	
7.708629	17.3303829	17.2787596	30.7694181	30.7265215	
7.718531	17.3303829	17.2787596	30.7694181	30.7265215	
7.728648	17.3303829	17.2787596	30.7694181	30.7265215	
7.738831	17.3303829	17.2787596	30.7694181	30.7265215	
7.748897	17.3303829	17.2787596	30.7694181	30.7265215	
7.759067	17.3303829	17.2787596	30.7694181	30.7265215	
7.769533	17.3303829	17.2787596	30.7694181	30.7265215	
7.779398	17.3303829	17.2787596	30.7694181	30.7265215	
7.789607	17.3303829	17.2874862	30.7694181	30.7265215	
7.799669	17.3303829	17.2874862	30.7694181	30.7352481	
7.809813	17.3303829	17.2874862	30.7694181	30.7352481	
7.820012	17.3303829	17.2874862	30.7694181	30.7352481	
7.830092	17.3303829	17.2874862	30.7694181	30.7527014	
7.84022	17.3303829	17.2962129	30.7694181	30.7614281	
7.850354	17.3303829	17.3136662	30.7694181	30.7701547	
7.860487	17.3303829	17.3136662	30.7694181	30.787608	
