0.03474492	
0.03922678	
0.04962745	
0.05945014	
0.06960483	
0.07989151	
0.08997219	
0.1000919	
0.1101676	
0.1204082	
0.1305229	
0.1405946	
0.1506993	
0.160991	
0.1709877	
0.1810993	
0.191274	
0.2013527	
0.2114834	
0.2218711	
0.2318318	
0.2418794	
0.2520031	
0.2624238	
0.2733835	
0.2835001	
0.2936038	
0.3037985	
0.3138732	
0.3240339	
0.3341736	
0.3443092	
0.3544079	
0.3645826	
0.3748273	
0.384874	
0.3949807	
0.4051293	
0.415227	
0.4254217	
0.4355424	
0.4456751	
0.4558898	
0.4659155	
0.4761181	
0.4862338	
0.4963785	
0.5065062	
0.5165999	
0.5267936	
0.5369042	
0.5470469	
0.5571566	
0.5673053	
0.577499	
0.5876176	
0.5977403	
0.607931	
0.6179877	
0.6281584	
0.6382711	
0.6484248	
0.6585414	
0.6686291	
0.6788358	
0.6889475	
0.6990762	
0.7092549	
0.7196105	
0.7294882	
0.7395399	
0.7497116	
0.7599123	
0.76993	
0.7803536	
0.7903803	
0.800365	
0.8104907	
0.8208034	
0.8307441	
0.8408457	
0.8509664	
0.8610711	
0.8712688	
0.8814645	
0.8916252	
0.9017288	
0.9118655	
0.9219932	
0.9324029	
0.9421386	
0.9523203	
0.9624029	
0.9725236	
0.9827413	
0.992834	
1.002957	
1.013136	
1.023188	
1.033672	
1.043733	
1.053869	
1.064056	
1.074115	
1.084299	
1.094518	
1.104607	
1.114706	
1.124817	
1.135023	
1.145164	
1.155257	
1.165427	
1.175507	
1.185696	
1.195834	
1.205961	
1.216073	
1.226185	
1.236363	
1.246537	
1.256644	
1.266763	
1.277126	
1.287092	
1.297292	
1.307336	
1.317472	
1.327637	
1.337716	
1.347903	
1.358007	
1.368151	
1.378276	
1.388377	
1.398608	
1.409769	
1.41886	
1.428966	
1.439051	
1.449508	
1.459357	
1.46975	
1.479684	
1.489787	
1.499907	
1.510063	
1.520142	
1.530309	
1.540419	
1.55063	
1.561343	
1.571392	
1.581597	
1.600015	
1.604206	
1.614355	
1.624493	
1.634601	
1.644778	
1.654923	
1.665024	
1.675174	
1.685377	
1.695459	
1.705773	
1.715853	
1.726033	
1.736126	
1.746288	
1.756426	
1.766592	
1.776707	
1.786828	
1.797	
1.807144	
1.81731	
1.827399	
1.837522	
1.847662	
1.857757	
1.867924	
1.878061	
1.88819	
1.898318	
1.908438	
1.918595	
1.928723	
1.938831	
1.948934	
1.959103	
1.969228	
1.979353	
1.989505	
1.999613	
2.009761	
2.019872	
2.029981	
2.040155	
2.050218	
2.06039	
2.070555	
2.080621	
2.090731	
2.101004	
2.110998	
2.121105	
2.13124	
2.141387	
2.151474	
2.16992	
2.174111	
2.184286	
2.194389	
2.204504	
2.214689	
2.224807	
2.234923	
2.245065	
2.255171	
2.26539	
2.279582	
2.285915	
2.296073	
2.30615	
2.316288	
2.326492	
2.336607	
2.346745	
2.356974	
2.367025	
2.377157	
2.387279	
2.397448	
2.407558	
2.417713	
2.427815	
2.437952	
2.448125	
2.458182	
2.468325	
2.478473	
2.488616	
2.498732	
2.508833	
2.518981	
2.529308	
2.539392	
2.549544	
2.559638	
2.569772	
2.57993	
2.590034	
2.600185	
2.610737	
2.620425	
2.630791	
2.641697	
2.651041	
2.661167	
2.671263	
2.681471	
2.691598	
2.701697	
2.711785	
2.722418	
2.732027	
2.742183	
2.75233	
2.762433	
2.772545	
2.78273	
2.792938	
2.802936	
2.813128	
2.8232	
2.833427	
2.843508	
2.853646	
2.863751	
2.873932	
2.884026	
2.894188	
2.904434	
2.914484	
2.924677	
2.934837	
2.944916	
2.955111	
2.965197	
2.975398	
2.985583	
2.995679	
3.005815	
3.015964	
3.026089	
3.03625	
3.046384	
3.056543	
3.06666	
3.076751	
3.086971	
3.097051	
3.107186	
3.117259	
3.127394	
3.137621	
3.147713	
3.157842	
3.168045	
3.178083	
3.188255	
3.19837	
3.208594	17.3925196	17.392206	30.9799078	30.9795942	
3.218651	17.3930283	17.392206	30.9804165	30.9795942	
3.228935	17.3937635	17.392206	30.9811517	30.9795942	
3.23901	17.3946835	17.392206	30.9820717	30.9795942	
3.249178	17.3958197	17.392206	30.9832079	30.9795942	
3.259256	17.3971484	17.4009326	30.9845366	30.9795942	
3.26939	17.3986901	17.4009326	30.9860783	30.9795942	
3.280879	17.40072	17.392206	30.9881082	30.9795942	
3.290388	17.402559	17.392206	30.9899472	30.9883209	
3.300528	17.4047335	17.4009326	30.9921217	30.9883209	
3.310738	17.4071328	17.4009326	30.994521	30.9970475	
3.320838	17.4097092	17.4096593	30.9970975	31.0057742	
3.331017	17.412513	17.4096593	30.9999012	31.0057742	
3.341123	17.4155001	17.4183859	31.0028884	31.0145008	
3.35127	17.4187054	17.4183859	31.0060936	31.0145008	
3.361382	17.4221043	17.4183859	31.0094926	31.0145008	
3.371468	17.4256978	17.4271126	31.013086	31.0145008	
3.389874	17.4330875	17.4358392	31.0204757	31.0145008	
3.394226	17.4348095	17.4445659	31.0221977	31.0145008	
3.406189	17.4399299	17.4532925	31.0273182	31.0145008	
3.414566	17.4436182	17.4532925	31.0310064	31.0145008	
3.424701	17.4483096	17.4532925	31.0356978	31.0145008	
3.434865	17.4532184	17.4532925	31.0406066	31.0232275	
3.445008	17.4583245	17.4620192	31.0457127	31.0319541	
3.455144	17.4636325	17.4620192	31.0510207	31.0406807	
3.465261	17.469135	17.4620192	31.0565233	31.0494074	
3.485252	17.4810086	17.4620192	31.0683968	31.058134	
3.489703	17.4836189	17.4620192	31.0710071	31.058134	
3.499819	17.4898188	17.4620192	31.077207	31.0668607	
3.510333	17.4964959	17.4620192	31.0838841	31.0755873	
3.520173	17.5029225	17.4620192	31.0903107	31.084314	
3.530299	17.5097452	17.4620192	31.0971334	31.084314	
3.540378	17.5167402	17.4620192	31.1041284	31.0930406	
3.550881	17.5242583	17.4620192	31.1116465	31.0930406	
3.560643	17.5314243	17.4707458	31.1188125	31.1017673	
3.570759	17.5390592	17.4794725	31.1264474	31.1017673	
3.58091	17.5469293	17.4881991	31.1343175	31.1017673	
3.591029	17.5549774	17.5056524	31.1423657	31.1017673	
3.601165	17.5632481	17.5231057	31.1506363	31.1017673	
3.611669	17.5720462	17.5318323	31.1594344	31.1017673	
3.621467	17.5804617	17.5580123	31.1678499	31.1104939	
3.631639	17.589344	17.5667389	31.1767322	31.1104939	
3.641763	17.5984252	17.5754656	31.1858134	31.1192206	
3.652213	17.6080216	17.5929189	31.1954098	31.1192206	
3.661984	17.617176	17.5929189	31.2045643	31.1366739	
3.672198	17.6269607	17.6016455	31.2143489	31.1541271	
3.682248	17.6367856	17.6016455	31.2241738	31.1628538	
3.692349	17.6468639	17.6103722	31.2342521	31.1890337	
3.702499	17.6572059	17.6103722	31.2445941	31.1977604	
3.713817	17.6690059	17.6190988	31.2563942	31.2239403	
3.722971	17.6786909	17.6190988	31.2660792	31.2413936	
3.73287	17.6893699	17.6278254	31.2767581	31.2588469	
3.743072	17.7005847	17.6278254	31.2879729	31.2675735	
3.7532	17.711927	17.6452787	31.2993152	31.2850268	
3.763647	17.7238458	17.662732	31.311234	31.2937535	
3.773708	17.7355251	17.6801853	31.3229133	31.3112068	
3.78389	17.7475535	17.6976386	31.3349417	31.3286601	
3.794053	17.7597633	17.7238186	31.3471516	31.3373867	
3.804103	17.7720395	17.7412718	31.3594278	31.35484	
3.816023	17.7869128	17.7674518	31.3743011	31.3635667	
3.824472	17.7975577	17.7936317	31.3849459	31.3722933	
3.834596	17.8105438	17.8023584	31.397932	31.38102	
3.844714	17.8237216	17.8285383	31.4111098	31.3897466	
3.855097	17.8374696	17.837265	31.4248578	31.3984732	
3.865255	17.8511239	17.8634449	31.4385121	31.3984732	
3.875375	17.8649275	17.8721715	31.4523157	31.4159265	
3.885513	17.8790024	17.8808982	31.4663906	31.4246532	
3.895659	17.8932122	17.8983515	31.4806005	31.4333798	
3.905751	17.9075947	17.9070781	31.4949829	31.4508331	
3.917867	17.9251867	17.9070781	31.512575	31.4682864	
3.926062	17.9371705	17.9245314	31.5245587	31.4857397	
3.936267	17.9523381	17.9332581	31.5397263	31.503193	
3.9463	17.9674391	17.9419847	31.5548273	31.5206463	
3.956461	17.982959	17.9419847	31.5703473	31.5380996	
3.966588	17.998618	17.959438	31.5860062	31.5555529	
3.976739	18.0145155	17.9681646	31.6019037	31.5730062	
3.986943	18.0307192	17.9768913	31.6181075	31.5817328	
3.996997	18.0468742	17.9943446	31.6342624	31.5991861	
4.007119	18.0633489	18.0117979	31.6507371	31.6079128	
4.01851	18.0821765	18.0205245	31.6695647	31.625366	
4.027423	18.0970229	18.0467045	31.6844111	31.6428193	
4.037615	18.1142356	18.0641578	31.7016238	31.651546	
4.047725	18.1315083	18.0816111	31.7188965	31.6777259	
4.058129	18.1495116	18.107791	31.7368998	31.6864526	
4.068002	18.1667773	18.1252443	31.7541655	31.7126325	
4.07818	18.1847938	18.1514242	31.7721821	31.7300858	
4.088305	18.2029175	18.1776042	31.7903058	31.7475391	
4.098554	18.2214745	18.1950575	31.8088628	31.773719	
4.108508	18.2396852	18.2212374	31.8270734	31.7911723	
4.120754	18.2624432	18.2474173	31.8498314	31.8173523	
4.128817	18.2774994	18.2648706	31.8648876	31.8435322	
4.138938	18.2966427	18.2910506	31.8840309	31.8697121	
4.149088	18.3161365	18.3085039	31.9035248	31.8871654	
4.159342	18.3363253	18.3259571	31.9237135	31.9133454	
4.169401	18.3555026	18.3521371	31.9428909	31.9395253	
4.179509	18.3754276	18.3695904	31.9628158	31.9569786	
4.189653	18.3957063	18.3957703	31.9830945	31.9831585	
4.199784	18.4160368	18.4132236	32.0034251	32.0006118	
4.209874	18.4365528	18.4306769	32.023941	32.0267918	
4.221417	18.4603229	18.4481302	32.0477111	32.0442451	
4.230194	18.4784917	18.4655835	32.06588	32.0616984	
4.240385	18.499836	18.4830368	32.0872243	32.0791517	
4.250509	18.5212401	18.5004901	32.1086283	32.0966049	
4.260715	18.5430375	18.52667	32.1304257	32.1140582	
4.271002	18.5652073	18.5353967	32.1525955	32.1315115	
4.290876	18.6090362	18.5790299	32.1964245	32.1576915	
4.295214	18.6185558	18.5877565	32.2059441	32.1664181	
4.30533	18.6410519	18.6052098	32.2284401	32.1751448	
4.315473	18.6638208	18.6226631	32.251209	32.1925981	
4.327456	18.6910286	18.6401164	32.2784168	32.218778	
4.345528	18.7328275	18.675023	32.3202158	32.2536846	
4.349893	18.7428878	18.6837496	32.330276	32.2711379	
4.360097	18.7666934	18.7099296	32.3540816	32.2973178	
4.370159	18.7903875	18.7361095	32.3777757	32.3234977	
4.380344	18.8145585	18.7535628	32.4019467	32.3496777	
4.39049	18.8388543	18.7797428	32.4262425	32.3758576	
4.400585	18.8632289	18.8146493	32.4506171	32.4107642	
4.410676	18.8877999	18.8408293	32.4751881	32.4456708	
4.420987	18.9131215	18.8670092	32.5005097	32.4805774	
4.43102	18.9379615	18.8931892	32.5253497	32.5067573	
4.441172	18.9632883	18.9280957	32.5506766	32.5329373	
4.451289	18.9887422	18.9542757	32.5761304	32.5591172	
4.461398	19.0143751	18.9891823	32.6017634	32.5852971	
4.479937	19.0622604	19.0240888	32.6496486	32.6463837	
4.484292	19.073459	19.0589954	32.6608473	32.6551103	
4.494438	19.0998696	19.093902	32.6872578	32.6900169	
4.504587	19.1264809	19.120082	32.7138691	32.7161968	
4.514686	19.1531671	19.1549885	32.7405554	32.7423768	
4.52485	19.1802351	19.1811685	32.7676233	32.7685567	
4.535117	19.2078	19.2073484	32.7951883	32.7947366	
4.545498	19.2358824	19.2335284	32.8232706	32.8296432	
4.555331	19.2626513	19.2509816	32.8500396	32.8470965	
4.565411	19.2903125	19.2771616	32.8777007	32.8732765	
4.575652	19.3186324	19.3033415	32.9060206	32.8994564	
4.585804	19.3468946	19.3120682	32.9342829	32.9169097	
4.595937	19.3753175	19.3382481	32.9627057	32.9430896	
4.606096	19.4040285	19.3644281	32.9914167	32.9692696	
4.616247	19.4329143	19.3818813	33.0203026	32.9954495	
4.626362	19.4619106	19.4080613	33.0492989	33.0216294	
4.636545	19.4913129	19.4429679	33.0787011	33.0478094	
4.646669	19.5207318	19.4778745	33.10812	33.0739893	
4.656806	19.5503999	19.512781	33.1377881	33.1088959	
4.66689	19.5801186	19.538961	33.1675068	33.1438025	
4.677078	19.6103615	19.5651409	33.1977497	33.1699824	
4.687213	19.640637	19.5913209	33.2280252	33.1961624	
4.697361	19.6711635	19.6175008	33.2585517	33.2223423	
4.707497	19.7018561	19.6524074	33.2892444	33.2485223	
4.717583	19.7326003	19.687314	33.3199885	33.2834288	
4.72776	19.7638423	19.7134939	33.3512305	33.3183354	
4.737905	19.7951855	19.7484005	33.3825737	33.3445154	
4.748046	19.8267094	19.7833071	33.4140976	33.3794219	
4.758174	19.8584105	19.8182137	33.4457987	33.4143285	
4.768332	19.890409	19.8531202	33.4777972	33.4492351	
4.778452	19.9224922	19.8880268	33.5098804	33.4841417	
4.788641	19.9550057	19.9316601	33.542394	33.5190483	
4.79879	19.9876005	19.9665666	33.5749888	33.5626815	
4.808882	20.0201992	20.0014732	33.6075874	33.5975881	
4.819019	20.0531557	20.0363798	33.6405439	33.6324947	
4.829498	20.087705	20.0712864	33.6750933	33.6674013	
4.839357	20.1199249	20.106193	33.7073131	33.7023079	
4.849465	20.1533856	20.1410996	33.7407738	33.7372144	
4.859608	20.1871984	20.1760062	33.7745866	33.7633944	
4.869703	20.2210377	20.2109127	33.8084259	33.798301	
4.879868	20.2553497	20.2370927	33.8427379	33.8332075	
4.890009	20.289735	20.2719993	33.8771233	33.8593875	
4.900097	20.3241984	20.3069058	33.9115866	33.8942941	
4.910322	20.3592986	20.3330858	33.9466868	33.9292007	
4.920414	20.3941582	20.3679924	33.9815464	33.9641072	
4.930842	20.4303994	20.402899	34.0177876	33.9990138	
4.940655	20.4646862	20.4465322	34.0520745	34.0339204	
4.950935	20.5008353	20.4814388	34.0882235	34.068827	
4.960892	20.5360155	20.5163454	34.1234038	34.1037336	
4.971	20.5719603	20.5512519	34.1593486	34.1386402	
4.981184	20.6083728	20.5861585	34.195761	34.1735468	
4.991325	20.6448476	20.6210651	34.2322358	34.1997267	
5.001436	20.6813896	20.6559717	34.2687778	34.2346333	
5.01164	20.7185025	20.6908783	34.3058907	34.2695399	
5.021725	20.7553885	20.7257849	34.3427768	34.2957198	
5.032271	20.7941878	20.7606915	34.381576	34.339353	
5.042042	20.8303085	20.795598	34.4176968	34.3742596	
5.052262	20.8683328	20.8392313	34.455721	34.4091662	
5.062292	20.9057936	20.8741379	34.4931818	34.4527994	
5.072408	20.9438039	20.9090444	34.5311921	34.4964327	
5.082671	20.9826129	20.943951	34.5700012	34.5313393	
5.09267	21.0205761	20.9788576	34.6079643	34.5749725	
5.10283	21.059374	21.0224908	34.6467622	34.6098791	
5.112887	21.0979914	21.0573974	34.6853797	34.6447857	
5.131002	21.1683585	21.1359372	34.7557467	34.7145988	
5.137053	21.191861	21.1533905	34.7792492	34.7407788	
5.14556	21.2250512	21.1970238	34.8124394	34.784412	
5.155647	21.2646311	21.240657	34.8520194	34.8193186	
5.165829	21.3047922	21.2842902	34.8921804	34.8629518	
5.175905	21.344741	21.3279235	34.9321292	34.906585	
5.186096	21.3853666	21.3715567	34.9727549	34.9589449	
5.196213	21.4258812	21.4151899	35.0132694	34.9938515	
5.20636	21.4667383	21.4588232	35.0541265	35.0462114	
5.216508	21.5078217	21.5024564	35.09521	35.0898446	
5.226597	21.5488246	21.537363	35.1362128	35.1247512	
5.236793	21.5905042	21.5722696	35.1778924	35.1683844	
5.247301	21.6337039	21.6159028	35.2210921	35.203291	
5.257093	21.6740888	21.659536	35.261477	35.2469242	
5.267199	21.7159977	21.6944426	35.3033859	35.2905575	
5.277298	21.758094	21.7380758	35.3454822	35.3341907	
5.287944	21.8027238	21.7817091	35.390112	35.3778239	
5.29786	21.8444296	21.8166156	35.4318178	35.4127305	
5.307993	21.8872986	21.8602489	35.4746868	35.4563638	
5.318126	21.930356	21.8951555	35.5177442	35.499997	
5.328336	21.9739584	21.9387887	35.5613466	35.5349036	
5.338435	22.0172897	21.9911486	35.6046779	35.5785368	
5.348628	22.0612505	22.0260552	35.6486387	35.62217	
5.358742	22.1050223	22.0696884	35.6924106	35.6570766	
5.368872	22.1490949	22.1133216	35.7364831	35.7094365	
5.378998	22.193355	22.1569549	35.7807433	35.7443431	
5.389308	22.2394833	22.2005881	35.8268715	35.796703	
5.399384	22.2831128	22.2442213	35.870501	35.8316095	
5.409434	22.3276517	22.2878545	35.9150399	35.8839694	
5.419563	22.3727422	22.3402144	35.9601305	35.9276027	
5.429716	22.4175461	22.3838477	36.0049344	35.9712359	
5.439786	22.4618027	22.4362075	36.0491909	36.0235958	
5.450025	22.5065806	22.4798408	36.0939689	36.0759556	
5.460134	22.550543	22.5322006	36.1379312	36.1108622	
5.470643	22.596705	22.5845605	36.1840932	36.1632221	
5.480667	22.6393088	22.6281938	36.226697	36.215582	
5.491023	22.6837583	22.6805536	36.2711465	36.2592152	
5.50093	22.7260837	22.7241869	36.313472	36.3028484	
5.511066	22.7691793	22.7678201	36.3565675	36.3552083	
5.521345	22.812695	22.8114533	36.4000832	36.3901149	
5.531292	22.854585	22.8550866	36.4419733	36.4424748	
5.54176	22.898487	22.8987198	36.4858752	36.486108	
5.559547	22.9723157	22.942353	36.5597039	36.5646478	
5.563929	22.990491	22.9947129	36.5778792	36.5821011	
5.574107	23.0325207	23.0383461	36.619909	36.6257344	
5.584226	23.0740818	23.0732527	36.66147	36.6693676	
5.594431	23.1158194	23.1168859	36.7032076	36.7042742	
5.604557	23.1570211	23.1605192	36.7444093	36.7391808	
5.614718	23.198146	23.2128791	36.7855342	36.782814	
5.624844	23.2389483	23.2477856	36.8263365	36.8264472	
5.634953	23.2794776	23.2826922	36.8668658	36.8613538	
5.645117	23.3200239	23.3263255	36.9074122	36.8962604	
5.655436	23.3610055	23.361232	36.9483937	36.9398936	
5.66541	23.4003708	23.3961386	36.987759	36.9748002	
5.675583	23.4403405	23.4310452	37.0277287	37.0097068	
5.685682	23.4798238	23.4659518	37.067212	37.0446134	
5.695895	23.5195623	23.5008584	37.1069505	37.07952	
5.706007	23.5586774	23.535765	37.1460656	37.1144265	
5.716094	23.5975117	23.5706715	37.1848999	37.1493331	
5.726276	23.6365149	23.6055781	37.2239031	37.1929664	
5.737631	23.6797366	23.6492114	37.2671249	37.2278729	
5.748878	23.7223228	23.6841179	37.309711	37.2715062	
5.758103	23.7570891	23.7277512	37.3444774	37.3151394	
5.768019	23.7942337	23.7713844	37.3816219	37.350046	
5.778124	23.8318957	23.806291	37.4192839	37.3936792	
5.788239	23.8694163	23.8411976	37.4568045	37.4285858	
5.798445	23.9070762	23.8848308	37.4944644	37.472219	
5.808601	23.9443024	23.928464	37.5316906	37.5071256	
5.818686	23.9811021	23.9633706	37.5684904	37.5420322	
5.828832	24.0179219	24.0070039	37.6053101	37.5769388	
5.838981	24.0545468	24.0506371	37.641935	37.6118454	
5.850138	24.0945825	24.0855437	37.6819707	37.646752	
5.859293	24.1272537	24.1204503	37.7146419	37.6903852	
5.869373	24.1630081	24.1640835	37.7503964	37.7340184	
5.879511	24.1987875	24.1989901	37.7861757	37.7776517	
5.889646	24.2343653	24.2426233	37.8217536	37.8212849	
5.899793	24.2697693	24.2862565	37.8571575	37.8561915	
5.909936	24.3049576	24.3211631	37.8923459	37.8910981	
5.919993	24.339657	24.3560697	37.9270452	37.9260046	
5.930317	24.3750624	24.3909763	37.9624506	37.9609112	
5.940711	24.4105021	24.4171562	37.9978903	37.9958178	
5.952474	24.4503316	24.4520628	38.0377198	38.0307244	
5.96059	24.4776939	24.4869694	38.0650821	38.065631	
5.97068	24.5114808	24.5131493	38.098869	38.1005376	
5.980796	24.5451706	24.5480559	38.1325589	38.1354442	
5.990946	24.5787781	24.5742359	38.1661664	38.1703507	
6.00115	24.6123696	24.6091425	38.1997578	38.1965307	
6.011334	24.6456758	24.644049	38.233064	38.2314373	
6.021336	24.6781925	24.670229	38.2655807	38.2576172	
6.031462	24.7109039	24.6964089	38.2982922	38.2837971	
6.041645	24.7436119	24.7225889	38.3310001	38.3099771	
6.053111	24.7801932	24.7487688	38.3675814	38.3448837	
6.06194	24.8081882	24.7836754	38.3955764	38.3710636	
6.072017	24.8399321	24.8098553	38.4273203	38.3972435	
6.082124	24.871589	24.8447619	38.4589772	38.4234235	
6.092212	24.9029873	24.8709418	38.4903755	38.4496034	
6.102487	24.9347804	24.8971218	38.5221687	38.48451	
6.112525	24.965609	24.9233017	38.5529972	38.5194166	
6.122643	24.9964884	24.9582083	38.5838767	38.5455965	
6.132776	25.0272216	24.9931149	38.6146098	38.5805031	
6.142889	25.0577031	25.0192948	38.6450913	38.6154097	
6.15515	25.0943456	25.0542014	38.6817338	38.6503163	
6.163271	25.1184957	25.0803814	38.7058839	38.6852229	
6.173384	25.1483558	25.1152879	38.735744	38.7114028	
6.183508	25.1780565	25.1501945	38.7654447	38.7463094	
6.193657	25.2076201	25.1851011	38.7950084	38.7899426	
6.203796	25.2369766	25.2200077	38.8243649	38.8161226	
6.213953	25.266166	25.2461876	38.8535542	38.8510291	
6.224082	25.2950717	25.2810942	38.8824599	38.8859357	
6.234217	25.3238104	25.3160008	38.9111987	38.9121157	
6.24433	25.3522674	25.3421807	38.9396556	38.9382956	
6.254486	25.3806489	25.3770873	38.9680371	38.9732022	
6.265022	25.4098934	25.4032673	38.9972817	38.9906555	
6.27482	25.4368746	25.4294472	39.0242628	39.0168354	
6.287149	25.4705401	25.4556271	39.0579283	39.051742	
6.295273	25.4925892	25.4818071	39.0799775	39.077922	
6.305373	25.5198262	25.5167137	39.1072144	39.1041019	
6.315502	25.5469192	25.534167	39.1343074	39.1302818	
6.325695	25.5739851	25.5603469	39.1613733	39.1477351	
6.335817	25.6006656	25.5865268	39.1880539	39.1826417	
6.345939	25.627146	25.6127068	39.2145343	39.200095	
6.356122	25.6535828	25.6388867	39.2409711	39.2262749	
6.366311	25.6798426	25.65634	39.2672308	39.2524549	
6.376522	25.7059475	25.6825199	39.2933357	39.2699082	
6.386582	25.7314476	25.6999732	39.3188358	39.2873615	
6.396677	25.7568624	25.7261532	39.3442506	39.3135414	
6.406871	25.7823225	25.7523331	39.3697107	39.3397213	
6.417019	25.8074768	25.7697864	39.394865	39.3571746	
6.427133	25.8323134	25.7959663	39.4197016	39.3833546	
6.437262	25.8570133	25.8221463	39.4444015	39.4095345	
6.447386	25.8814985	25.8395996	39.4688868	39.4269878	
6.457576	25.9059282	25.8657795	39.4933165	39.4618944	
6.46791	25.9305241	25.9006861	39.5179124	39.4880743	
6.477879	25.9540102	25.9181394	39.5413985	39.5142543	
6.488002	25.9776864	25.9443193	39.5650747	39.5317076	
6.498122	26.0011559	25.9704993	39.5885442	39.5666141	
6.508228	26.0243917	26.0054059	39.6117799	39.5927941	
6.51838	26.047541	26.0315858	39.6349292	39.618974	
6.528583	26.0705941	26.0577657	39.6579823	39.645154	
6.538662	26.0931702	26.0839457	39.6805585	39.6713339	
6.5488	26.1156778	26.1101256	39.703066	39.7062405	
6.558888	26.1378831	26.1450322	39.7252714	39.7236938	
6.569178	26.160329	26.1712121	39.7477172	39.7498737	
6.579284	26.1821636	26.1886654	39.7695518	39.7760537	
6.589381	26.2037783	26.2148454	39.7911665	39.7935069	
6.599522	26.2252951	26.2322987	39.8126833	39.8109602	
6.60964	26.2465661	26.2497519	39.8339543	39.8284135	
6.619827	26.2677732	26.2672052	39.8551615	39.8458668	
6.629922	26.2886525	26.2846585	39.8760407	39.8720468	
6.64008	26.3093404	26.3021118	39.8967286	39.8895001	
6.650181	26.329775	26.3195651	39.9171632	39.91568	
6.660752	26.3509421	26.3370184	39.9383304	39.9244066	
6.670506	26.3702905	26.3544717	39.9576788	39.9505866	
6.680682	26.3902765	26.3631984	39.9776647	39.9593132	
6.690762	26.4098677	26.3893783	39.997256	39.9854932	
6.700865	26.4293072	26.3981049	40.0166954	39.9942198	
6.711077	26.4487659	26.4155582	40.0361541	40.0116731	
6.721177	26.4678085	26.4242849	40.0551968	40.0203997	
6.731283	26.4866493	26.4417382	40.0740376	40.037853	
6.741406	26.5053375	26.4591915	40.0927257	40.0553063	
6.751581	26.5239147	26.4679181	40.1113029	40.064033	
6.770867	26.5582479	26.494098	40.1456362	40.0902129	
6.775528	26.5665652	26.5115513	40.1539535	40.0989396	
6.785583	26.5842596	26.5290046	40.1716478	40.1163929	
6.795805	26.6020472	26.5551846	40.1894355	40.1338461	
6.805817	26.6193212	26.5726379	40.2067094	40.1600261	
6.815996	26.6365889	26.5988178	40.2239772	40.186206	
6.826152	26.6536637	26.6249977	40.2410519	40.2036593	
6.836278	26.6704865	26.642451	40.2578748	40.2298393	
6.846412	26.6871336	26.668631	40.2745218	40.2560192	
6.856558	26.7035993	26.6860843	40.2909876	40.2734725	
6.866691	26.7198407	26.7035376	40.3072289	40.2996524	
6.877218	26.7365062	26.7209908	40.3238944	40.3171057	
6.887032	26.7518439	26.7384441	40.3392321	40.334559	
6.897134	26.7674414	26.7558974	40.3548296	40.360739	
6.907227	26.7828283	26.7733507	40.3702165	40.3694656	
6.917373	26.7981011	26.7820774	40.3854893	40.3956455	
6.927542	26.8132027	26.8082573	40.4005909	40.4043722	
6.937674	26.8280574	26.816984	40.4154456	40.4218255	
6.94776	26.8426431	26.8344372	40.4300313	40.4392788	
6.95792	26.8571417	26.8431639	40.4445299	40.4480054	
6.968036	26.8713777	26.8606172	40.458766	40.4654587	
6.986385	26.8964133	26.8867971	40.4838015	40.4741854	
6.990775	26.9024123	26.8955238	40.4898005	40.482912	
7.000925	26.9160543	26.9129771	40.5034425	40.4916386	
7.011022	26.9294294	26.9217037	40.5168176	40.5090919	
7.021184	26.9426926	26.9304304	40.5300808	40.5090919	
7.031394	26.9558163	26.9478837	40.5432045	40.5265452	
7.041457	26.9685542	26.9566103	40.5559424	40.5352719	
7.051666	26.9812754	26.9653369	40.5686637	40.5439985	
7.061743	26.993641	26.9827902	40.5810292	40.5527252	
7.07393	27.0082955	26.9827902	40.5956837	40.5701785	
7.082053	27.017955	26.9915169	40.6053432	40.5789051	
7.092141	27.0297436	27.0089702	40.6171319	40.5963584	
7.102257	27.0413767	27.0176968	40.6287649	40.605085	
7.112715	27.0531854	27.0176968	40.6405737	40.6138117	
7.122555	27.0641127	27.0264235	40.6515009	40.631265	
7.132704	27.0751865	27.0351501	40.6625747	40.6399916	
7.142812	27.0860198	27.0438768	40.673408	40.6487183	
7.152948	27.0966866	27.0526034	40.6840748	40.6487183	
7.163108	27.1071846	27.0526034	40.6945728	40.6574449	
7.174635	27.1188311	27.0613301	40.7062194	40.6661716	
7.183741	27.1278814	27.0700567	40.7152696	40.6748982	
7.193902	27.1377793	27.08751	40.7251675	40.6836249	
7.203995	27.1474217	27.08751	40.7348099	40.6836249	
7.214097	27.1568804	27.1049633	40.7442686	40.6923515	
7.224283	27.1662144	27.1224166	40.7536026	40.7010782	
7.234595	27.1754679	27.1311432	40.7628562	40.7098048	
7.244722	27.1843559	27.1485965	40.7717441	40.7185314	
7.254858	27.1930581	27.1573232	40.7804463	40.7359847	
7.264978	27.2015562	27.1747765	40.7889444	40.753438	
7.276651	27.2110881	27.1922297	40.7984763	40.7621647	
7.287462	27.2196969	27.1922297	40.8070851	40.779618	
7.295452	27.2259576	27.209683	40.8133458	40.7883446	
7.305562	27.2336701	27.2271363	40.8210584	40.8145246	
7.315676	27.2411941	27.2271363	40.8285823	40.8232512	
7.325864	27.2486025	27.2445896	40.8359907	40.8407045	
7.336018	27.2557458	27.2533163	40.843134	40.8494311	
7.346139	27.2626952	27.2620429	40.8500834	40.8581578	
7.356278	27.2694671	27.2620429	40.8568554	40.8668844	
7.366381	27.2760254	27.2794962	40.8634136	40.8756111	
7.376604	27.282463	27.2882229	40.8698513	40.8843377	
7.386722	27.2886463	27.2969495	40.8760345	40.8930644	
7.396875	27.2946614	27.2969495	40.8820496	40.8930644	
7.407053	27.3004945	27.2969495	40.8878827	40.8930644	
7.417108	27.3060729	27.3056761	40.8934612	40.8930644	
7.427299	27.3115355	27.3056761	40.8989237	40.8930644	
7.437435	27.3167798	27.3144028	40.9041681	40.8930644	
7.447635	27.3218637	27.3231294	40.9092519	40.8930644	
7.457729	27.3267115	27.3231294	40.9140997	40.8930644	
7.467811	27.3313649	27.3231294	40.9187531	40.8930644	
7.488314	27.339874	27.3231294	40.9272622	40.8930644	
7.492701	27.3417217	27.3231294	40.9291099	40.8930644	
7.50283	27.345757	27.3231294	40.9331453	40.8930644	
7.513055	27.3496453	27.3231294	40.9370336	40.8930644	
7.531448	27.3559013	27.3231294	40.9432895	40.901791	
7.535806	27.357403	27.3231294	40.9447913	40.901791	
7.54604	27.3606993	27.3231294	40.9480876	40.9105177	
7.556141	27.3637773	27.3231294	40.9511656	40.9105177	
7.566232	27.3666751	27.3231294	40.9540633	40.9192443	
7.576537	27.3694527	27.3231294	40.9568409	40.9192443	
7.586635	27.372004	27.3231294	40.9593922	40.927971	
7.597006	27.374439	27.3231294	40.9618273	40.927971	
7.607184	27.376658	27.3231294	40.9640462	40.927971	
7.617245	27.3786873	27.3231294	40.9660755	40.927971	
7.627424	27.3805712	27.3318561	40.9679595	40.927971	
7.63756	27.3822838	27.3318561	40.9696721	40.927971	
7.647722	27.383839	27.3318561	40.9712273	40.927971	
7.657902	27.3852375	27.3318561	40.9726258	40.927971	
7.667956	27.3864683	27.3318561	40.9738565	40.927971	
7.678126	27.3875624	27.3405827	40.9749506	40.927971	
7.688323	27.392206	27.3405827	40.9795942	40.927971	
7.698428	27.392206	27.3493094	40.9795942	40.927971	
7.70855	27.392206	27.358036	40.9795942	40.927971	
7.718659	27.392206	27.3667627	40.9795942	40.927971	
7.728803	27.392206	27.3667627	40.9795942	40.927971	
7.738932	27.392206	27.3667627	40.9795942	40.927971	
7.74926	27.392206	27.3667627	40.9795942	40.927971	
7.759283	27.392206	27.3667627	40.9795942	40.927971	
7.769376	27.392206	27.3667627	40.9795942	40.9366976	
7.779555	27.392206	27.3667627	40.9795942	40.9366976	
7.789695	27.392206	27.3667627	40.9795942	40.9454243	
7.799867	27.392206	27.3667627	40.9795942	40.9454243	
7.81004	27.392206	27.3667627	40.9795942	40.9541509	
7.820153	27.392206	27.3667627	40.9795942	40.9628775	
7.830235	27.392206	27.3667627	40.9795942	40.9628775	
7.840428	27.392206	27.3667627	40.9795942	40.9628775	
7.850544	27.392206	27.3667627	40.9795942	40.9628775	
7.860648	27.392206	27.3667627	40.9795942	40.9628775	
7.870756	27.392206	27.3667627	40.9795942	40.9628775	
7.880995	27.392206	27.3667627	40.9795942	40.9628775	
7.891116	27.392206	27.3667627	40.9795942	40.9628775	
7.901613	27.392206	27.3667627	40.9795942	40.9541509	
7.91144	27.392206	27.3667627	40.9795942	40.9541509	
7.921496	27.392206	27.3667627	40.9795942	40.9541509	
7.939971	27.392206	27.3667627	40.9795942	40.9541509	
7.944302	27.392206	27.3667627	40.9795942	40.9541509	
7.954489	27.392206	27.3667627	40.9795942	40.9541509	
7.964584	27.392206	27.3667627	40.9795942	40.9541509	
7.974715	27.392206	27.3667627	40.9795942	40.9541509	
7.98492	27.392206	27.3667627	40.9795942	40.9541509	
7.995069	27.392206	27.3667627	40.9795942	40.9541509	
8.005189	27.392206	27.3667627	40.9795942	40.9541509	
8.015384	27.392206	27.3667627	40.9795942	40.9541509	
8.025471	27.392206	27.3667627	40.9795942	40.9541509	
8.035639	27.392206	27.3667627	40.9795942	40.9541509	
8.045783	27.392206	27.3667627	40.9795942	40.9541509	
8.055971	27.392206	27.3667627	40.9795942	40.9541509	
8.06615	27.392206	27.3667627	40.9795942	40.9541509	
8.076217	27.392206	27.3667627	40.9795942	40.9541509	
8.086375	27.392206	27.3667627	40.9795942	40.9541509	
8.096653	27.392206	27.3667627	40.9795942	40.9541509	
8.106867	27.392206	27.3667627	40.9795942	40.9541509	
8.116784	27.392206	27.3667627	40.9795942	40.9541509	
8.126966	27.392206	27.3667627	40.9795942	40.9541509	
8.137065	27.392206	27.3667627	40.9795942	40.9541509	
8.147245	27.392206	27.3667627	40.9795942	40.9541509	
8.157554	27.392206	27.3667627	40.9795942	40.9541509	
8.16771	27.392206	27.3667627	40.9795942	40.9541509	
8.177691	27.392206	27.3667627	40.9795942	40.9541509	
8.187791	27.392206	27.3667627	40.9795942	40.9541509	
8.198053	27.392206	27.3667627	40.9795942	40.9541509	
8.208329	27.392206	27.3667627	40.9795942	40.9541509	
8.218263	27.392206	27.3667627	40.9795942	40.9541509	
8.228437	27.392206	27.3667627	40.9795942	40.9541509	
8.238525	27.392206	27.3667627	40.9795942	40.9541509	
8.248747	27.392206	27.3667627	40.9795942	40.9541509	
8.258998	27.392206	27.3667627	40.9795942	40.9541509	
8.268963	27.392206	27.3667627	40.9795942	40.9541509	
8.279303	27.392206	27.3667627	40.9795942	40.9541509	
8.29128	27.392206	27.3667627	40.9795942	40.9541509	
8.299387	27.392206	27.3667627	40.9795942	40.9541509	
8.309531	27.392206	27.3667627	40.9795942	40.9541509	
8.31965	27.392206	27.3667627	40.9795942	40.9541509	
8.329842	27.392206	27.3667627	40.9795942	40.9541509	
8.339914	27.392206	27.3667627	40.9795942	40.9541509	
8.350103	27.392206	27.3667627	40.9795942	40.9541509	
8.360287	27.392206	27.3667627	40.9795942	40.9541509	
8.370372	27.392206	27.3667627	40.9795942	40.9541509	
8.380472	27.392206	27.3667627	40.9795942	40.9541509	
8.390875	27.392206	27.3667627	40.9795942	40.9541509	
8.40085	27.392206	27.3667627	40.9795942	40.9541509	
8.411264	27.392206	27.3667627	40.9795942	40.9541509	
8.421046	27.392206	27.3667627	40.9795942	40.9541509	
8.431174	27.392206	27.3667627	40.9795942	40.9541509	
8.441358	27.392206	27.3667627	40.9795942	40.9541509	
8.451447	27.392206	27.3667627	40.9795942	40.9541509	
8.461591	27.392206	27.3667627	40.9795942	40.9541509	
8.471781	27.392206	27.3667627	40.9795942	40.9541509	
8.481803	27.392206	27.3667627	40.9795942	40.9541509	
8.492292	27.392206	27.3667627	40.9795942	40.9541509	
8.502174	27.392206	27.3667627	40.9795942	40.9541509	
8.512219	27.392206	27.3667627	40.9795942	40.9541509	
8.522713	27.392206	27.3667627	40.9795942	40.9541509	
8.532485	27.392206	27.3667627	40.9795942	40.9541509	
8.542646	27.392206	27.3667627	40.9795942	40.9541509	
8.5528	27.392206	27.3667627	40.9795942	40.9541509	
8.562894	27.392206	27.3667627	40.9795942	40.9541509	
8.57313	27.392206	27.3667627	40.9795942	40.9541509	
8.583271	27.392206	27.3667627	40.9795942	40.9541509	
8.593667	27.392206	27.3667627	40.9795942	40.9541509	
8.603864	27.392206	27.3667627	40.9795942	40.9541509	
8.613877	27.392206	27.3667627	40.9795942	40.9541509	
8.624268	27.392206	27.3667627	40.9795942	40.9541509	
8.634329	27.392206	27.3667627	40.9795942	40.9541509	
8.644504	27.392206	27.3667627	40.9795942	40.9541509	
8.654648	27.392206	27.3667627	40.9795942	40.9541509	
8.664995	27.392206	27.3667627	40.9795942	40.9541509	
8.674925	27.392206	27.3667627	40.9795942	40.9541509	
8.685022	27.392206	27.3667627	40.9795942	40.9541509	
8.695242	27.392206	27.3667627	40.9795942	40.9541509	
8.705403	27.392206	27.3667627	40.9795942	40.9541509	
8.715508	27.392206	27.3667627	40.9795942	40.9541509	
8.725665	27.392206	27.3667627	40.9795942	40.9541509	
8.735767	27.392206	27.3667627	40.9795942	40.9541509	
8.745959	27.392206	27.3667627	40.9795942	40.9541509	
8.756056	27.392206	27.3667627	40.9795942	40.9541509	
8.766231	27.392206	27.3667627	40.9795942	40.9541509	
8.776633	27.392206	27.3667627	40.9795942	40.9541509	
8.786724	27.392206	27.3667627	40.9795942	40.9541509	
8.796923	27.392206	27.3667627	40.9795942	40.9541509	
8.806999	27.392206	27.3667627	40.9795942	40.9541509	
8.817155	27.392206	27.3667627	40.9795942	40.9541509	
8.827261	27.392206	27.3667627	40.9795942	40.9541509	
8.837387	27.392206	27.3667627	40.9795942	40.9541509	
8.847525	27.392206	27.3667627	40.9795942	40.9541509	
8.857696	27.392206	27.3667627	40.9795942	40.9541509	
8.867835	27.392206	27.3667627	40.9795942	40.9541509	
8.878024	27.392206	27.3667627	40.9795942	40.9541509	
8.888312	27.392206	27.3667627	40.9795942	40.9541509	
8.898262	27.392206	27.3667627	40.9795942	40.9541509	
8.908479	27.392206	27.3667627	40.9795942	40.9541509	
8.918551	27.392206	27.3667627	40.9795942	40.9541509	
8.928804	27.392206	27.3667627	40.9795942	40.9628775	
8.938877	27.392206	27.3667627	40.9795942	40.9628775	
8.948957	27.392206	27.3667627	40.9795942	40.9628775	
8.959206	27.392206	27.3667627	40.9795942	40.9628775	
8.969249	27.392206	27.3667627	40.9795942	40.9716042	
8.979412	27.392206	27.3667627	40.9795942	40.9803308	
8.989552	27.392206	27.3667627	40.9795942	40.9977841	
8.999647	27.392206	27.3667627	40.9795942	40.9977841	
9.009879	27.392206	27.3667627	40.9795942	41.0152374	
9.020007	27.392206	27.3667627	40.9795942	41.0326907	
9.030164	27.392206	27.3667627	40.9795942	41.0414174	
9.040317	27.392206	27.3667627	40.9795942	41.0588707	
9.050751	27.392206	27.3667627	40.9795942	41.0675973	
9.060528	27.392206	27.3667627	40.9795942	41.0675973	
9.070648	27.392206	27.3667627	40.9795942	41.0763239	
9.080855	27.392206	27.3667627	40.9795942	41.0763239	
9.090921	27.392206	27.3667627	40.9795942	41.0763239	
9.101065	27.392206	27.3754893	40.9795942	41.0675973	
