0.03519593	
0.03969679	
0.04981048	
0.05992617	
0.07003086	
0.08020755	
0.09034324	
0.1004689	
0.1106516	
0.1207453	
0.130916	
0.1410007	
0.1511704	
0.1613111	
0.1714378	
0.1815605	
0.1916422	
0.2018348	
0.2119755	
0.2223422	
0.2324209	
0.2425776	
0.2527143	
0.262816	
0.2729587	
0.2910961	
0.295351	
0.3055137	
0.3156464	
0.3257971	
0.3359197	
0.3460824	
0.3562871	
0.3663458	
0.3764875	
0.3866702	
0.3967589	
0.4069076	
0.4170433	
0.427223	
0.4373087	
0.4474393	
0.457584	
0.4677167	
0.4778424	
0.4879731	
0.4982198	
0.5083805	
0.5184792	
0.5285899	
0.5388316	
0.5488963	
0.5592999	
0.5694706	
0.5795683	
0.5917059	
0.5997767	
0.6099624	
0.6201191	
0.6301808	
0.6403865	
0.6504662	
0.6607068	
0.6707965	
0.6809212	
0.6910859	
0.7011426	
0.7113073	
0.721634	
0.7315747	
0.7416644	
0.752254	
0.7619778	
0.7720684	
0.7821951	
0.7923038	
0.8024715	
0.8125782	
0.8226919	
0.8328206	
0.8429783	
0.8715224	
0.8757493	
0.885887	
0.8960377	
0.9061454	
0.916394	
0.9264847	
0.9366344	
0.9468171	
0.9568428	
0.9751062	
0.9793451	
0.9894768	
0.9996025	
1.009739	
1.019897	
1.029971	
1.040152	
1.050258	
1.060414	
1.070575	
1.080682	
1.09164	
1.101782	
1.112217	
1.122016	
1.132142	
1.142262	
1.152397	
1.162512	
1.17265	
1.182759	
1.192876	
1.203105	
1.221142	
1.225385	
1.235527	
1.245728	
1.256042	
1.266157	
1.276339	
1.286458	
1.296576	
1.306757	
1.316848	
1.326938	
1.337145	
1.347277	
1.357401	
1.367548	
1.377704	
1.387856	
1.397971	
1.408109	
1.418383	
1.428414	
1.43853	
1.448701	
1.458861	
1.468907	
1.479309	
1.489215	
1.499367	
1.50949	
1.519593	
1.529761	
1.539879	
1.55	
1.56013	
1.570248	
1.580655	
1.590569	
1.600702	
1.610907	
1.621086	
1.631534	27.4892636	27.4889357	41.172645	41.1723171	
1.641477	27.4897673	27.4889357	41.1731487	41.1723171	
1.651569	27.4904844	27.4889357	41.1738657	41.1723171	
1.661645	27.4914036	27.4889357	41.1747849	41.1723171	
1.672228	27.4925979	27.4976624	41.1759792	41.1723171	
1.68198	27.4938802	27.4976624	41.1772615	41.1723171	
1.692074	27.4954154	27.4976624	41.1787968	41.1723171	
1.702214	27.4971633	27.4889357	41.1805446	41.1723171	
1.712356	27.4991172	27.4889357	41.1824985	41.1723171	
1.72267	27.5013204	27.4976624	41.1847018	41.1723171	
1.732652	27.5036474	27.4976624	41.1870288	41.1723171	
1.742804	27.5062207	27.4976624	41.1896021	41.1723171	
1.752932	27.5089936	27.506389	41.192375	41.1723171	
1.763136	27.5119973	27.506389	41.1953787	41.1723171	
1.781883	27.5184356	27.506389	41.201817	41.1723171	
1.799178	27.5248387	27.506389	41.2082201	41.1723171	
1.803715	27.5265161	27.506389	41.2098974	41.1723171	
1.813678	27.5304517	27.506389	41.213833	41.1723171	
1.823923	27.5347149	27.506389	41.2180963	41.1723171	
1.834029	27.5391225	27.506389	41.2225039	41.1723171	
1.844157	27.5437427	27.506389	41.2271241	41.1723171	
1.854266	27.5485569	27.506389	41.2319382	41.1723171	
1.866282	27.5545981	27.506389	41.2379794	41.1897703	
1.874984	27.5590884	27.506389	41.2424698	41.1897703	
1.884734	27.5643263	27.5151157	41.2477076	41.2072236	
1.89477	27.5699186	27.532569	41.2533	41.2072236	
1.904929	27.5757889	27.5412956	41.2591703	41.2246769	
1.915073	27.5818549	27.5587489	41.2652363	41.2334036	
1.925213	27.5881273	27.5762022	41.2715087	41.2421302	
1.935417	27.5946483	27.5936555	41.2780296	41.2508569	
1.94561	27.6013666	27.6111088	41.2847479	41.2595835	
1.955699	27.6082188	27.6198354	41.2916001	41.2595835	
1.965805	27.6152898	27.6372887	41.2986711	41.2683102	
1.975938	27.6225832	27.6460154	41.3059645	41.2770368	
1.986105	27.6301088	27.6460154	41.3134901	41.2770368	
1.996308	27.6378705	27.6460154	41.3212518	41.2770368	
2.006394	27.6457406	27.6460154	41.3291219	41.2944901	
2.01652	27.653853	27.6460154	41.3372343	41.3032167	
2.026648	27.6621706	27.6460154	41.3455519	41.3119434	
2.036864	27.6707709	27.6460154	41.3541523	41.3119434	
2.046975	27.6794846	27.6460154	41.3628659	41.3293967	
2.057131	27.6884446	27.6460154	41.3718259	41.3381233	
2.067272	27.6975941	27.6460154	41.3809754	41.34685	
2.077418	27.7069587	27.654742	41.3903401	41.3555766	
2.087543	27.7165069	27.654742	41.3998882	41.3643033	
2.097748	27.7263416	27.6721953	41.409723	41.3730299	
2.10785	27.7362762	27.6809219	41.4196575	41.3817566	
2.117947	27.7464117	27.6896486	41.429793	41.3817566	
2.128125	27.7568365	27.7071019	41.4402178	41.3904832	
2.138343	27.767519	27.7245552	41.4509003	41.3992099	
2.156413	27.7871866	27.7507351	41.470568	41.4166631	
2.160914	27.7920675	27.7681884	41.4754488	41.4253898	
2.171025	27.803286	27.7856417	41.4866673	41.4428431	
2.181132	27.8147158	27.7943683	41.4980971	41.4515697	
2.191207	27.8263017	27.8205483	41.5096831	41.4777497	
2.201358	27.8381854	27.8292749	41.5215667	41.4864763	
2.21148	27.8502373	27.8467282	41.5336186	41.5126563	
2.221865	27.8628282	27.8554549	41.5462096	41.5388362	
2.231977	27.8752839	27.8641815	41.5586652	41.5562895	
2.242011	27.8878504	27.8816348	41.5712317	41.5737428	
2.252044	27.9006054	27.8903614	41.5839867	41.5911961	
2.26216	27.9136792	27.8990881	41.5970606	41.6086494	
2.272263	27.9269363	27.9165414	41.6103176	41.6261027	
2.282534	27.9406319	27.925268	41.6240132	41.643556	
2.292587	27.9542341	27.9427213	41.6376155	41.6610092	
2.302706	27.9681297	27.9601746	41.6515111	41.6610092	
2.312829	27.9822358	27.9689013	41.6656171	41.6784625	
2.323073	27.9967244	27.9863546	41.6801057	41.6871892	
2.342186	28.0246696	27.9950812	41.7080509	41.6959158	
2.346869	28.0314819	28.0125345	41.7148633	41.6959158	
2.356738	28.0460952	28.0212611	41.7294765	41.7046425	
2.366892	28.0613395	28.0299878	41.7447208	41.7133691	
2.376982	28.0766999	28.0387144	41.7600812	41.7220958	
2.387208	28.0924716	28.0561677	41.7758529	41.7308224	
2.397288	28.1082166	28.0648944	41.791598	41.7395491	
2.40745	28.1243051	28.073621	41.8076864	41.7570024	
2.417647	28.1406541	28.099801	41.8240355	41.765729	
2.427694	28.1569597	28.1085276	41.840341	41.7919089	
2.439311	28.176122	28.1259809	41.8595034	41.8006356	
2.456211	28.2046316	28.1347075	41.8880129	41.8442688	
2.460725	28.2122221	28.1696141	41.8956034	41.8529955	
2.470847	28.2295218	28.1870674	41.9129032	41.8791754	
2.481098	28.2472746	28.2045207	41.930656	41.9053553	
2.491162	28.2648764	28.2394273	41.9482578	41.9315353	
2.50127	28.2827777	28.2656072	41.9661591	41.9489886	
2.51139	28.3008963	28.2830605	41.9842776	41.9751685	
2.521544	28.319284	28.3092405	42.0026653	42.0013484	
2.531608	28.3377252	28.3354204	42.0211066	42.0188017	
2.542821	28.3585219	28.3528737	42.0419032	42.0449817	
2.551913	28.3755232	28.3790536	42.0589045	42.062435	
2.562068	28.3947357	28.3965069	42.0781171	42.0798883	
2.572164	28.4140379	28.4139602	42.0974192	42.1060682	
2.582407	28.4338423	28.4401402	42.1172236	42.1147949	
2.592476	28.4535016	28.4575935	42.1368829	42.1409748	
2.602571	28.4734156	28.4837734	42.1567969	42.1584281	
2.612715	28.4936406	28.4925	42.177022	42.1758814	
2.622831	28.5140061	28.5099533	42.1973875	42.184608	
2.632992	28.5346856	28.51868	42.218067	42.2020613	
2.644963	28.5593489	28.5361333	42.2427303	42.2195146	
2.653307	28.5766402	28.5535866	42.2600215	42.2369679	
2.663465	28.5979076	28.5535866	42.281289	42.2456945	
2.673557	28.6192525	28.5710399	42.3026338	42.2544212	
2.683623	28.6407512	28.5884931	42.3241326	42.2806011	
2.693958	28.6630321	28.6059464	42.3464135	42.2893278	
2.703887	28.684633	28.6233997	42.3680143	42.3155077	
2.714214	28.707326	28.6495797	42.3907073	42.332961	
2.724217	28.7294863	28.667033	42.4128677	42.3591409	
2.734296	28.7520212	28.6932129	42.4354025	42.3853209	
2.745658	28.7777256	28.7281195	42.461107	42.4115008	
2.762489	28.8164145	28.7717527	42.4997959	42.4551341	
2.766864	28.8264546	28.789206	42.5098359	42.4638607	
2.777018	28.8500464	28.8241126	42.5334277	42.4987673	
2.787157	28.873783	28.8502925	42.5571643	42.5249472	
2.797309	28.897768	28.8851991	42.5811493	42.5511272	
2.807422	28.921865	28.9113791	42.6052464	42.5860337	
2.817695	28.9465658	28.937559	42.6299471	42.6122137	
2.827714	28.9708348	28.9724656	42.6542161	42.6383936	
2.837851	28.9956062	29.0073722	42.6789875	42.6733002	
2.849121	29.0234305	29.0422788	42.7068119	42.7082068	
2.858168	29.0458837	29.0684587	42.729265	42.7431134	
2.878354	29.0970677	29.1208186	42.780449	42.7954733	
2.882749	29.1081669	29.1295452	42.7915482	42.8041999	
2.89289	29.1340568	29.1557252	42.8174381	42.8303798	
2.90668	29.1697062	29.1906317	42.8530875	42.8652864	
2.916813	29.1960681	29.2168117	42.8794494	42.8827397	
2.926931	29.2225876	29.234265	42.9059689	42.9089197	
2.937029	29.249277	29.2517183	42.9326583	42.9176463	
2.94724	29.2764586	29.2691716	42.9598399	42.9438262	
2.957447	29.3038622	29.2866248	42.9872436	42.9525529	
2.96752	29.3310645	29.3040781	43.0144458	42.9787328	
2.977703	29.358797	29.3215314	43.0421783	42.9874595	
2.987756	29.3863735	29.3389847	43.0697548	43.0136394	
2.997931	29.4145013	29.356438	43.0978826	43.0398194	
3.008072	29.4427293	29.382618	43.1261106	43.0572726	
3.018228	29.4712111	29.4000712	43.1545925	43.0921792	
3.028355	29.4998107	29.4262512	43.183192	43.1183592	
3.038455	29.5285492	29.4611578	43.2119305	43.1445391	
3.048612	29.5576568	29.4960644	43.2410382	43.1794457	
3.059119	29.5880006	29.5309709	43.271382	43.2056256	
3.068936	29.6165065	29.5658775	43.2998879	43.2405322	
3.079052	29.6461093	29.6007841	43.3294907	43.2754388	
3.089156	29.6758722	29.6356907	43.3592535	43.3103454	
3.099354	29.7061328	29.6705973	43.3895142	43.3539786	
3.109455	29.7362968	29.7142305	43.4196782	43.3888852	
3.119618	29.7668562	29.7491371	43.4502375	43.4237918	
3.129791	29.7976587	29.7840437	43.4810401	43.467425	
3.13986	29.828342	29.8276769	43.5117233	43.5023316	
3.150041	29.8595812	29.8713101	43.5429626	43.5459648	
3.16022	29.8910278	29.9062167	43.5744092	43.5808714	
3.170473	29.9229047	29.9411233	43.606286	43.615778	
3.180662	29.95478	29.9760299	43.6381613	43.6506846	
3.190769	29.9866085	30.0109365	43.6699898	43.6855912	
3.201092	30.0193517	30.0458431	43.7027331	43.7204978	
3.21109	30.0512325	30.072023	43.7346139	43.7554043	
3.221459	30.0845447	30.1069296	43.7679261	43.7815843	
3.231254	30.1161806	30.1331095	43.799562	43.8077642	
3.241423	30.1492319	30.1592895	43.8326132	43.8339442	
3.251505	30.1822126	30.1941961	43.8655939	43.8601241	
3.26168	30.2157188	30.220376	43.8991001	43.8775774	
3.271864	30.2494423	30.2465559	43.9328236	43.9037573	
3.282033	30.2833025	30.2640092	43.9666839	43.9299373	
3.29205	30.3168755	30.2989158	44.0002568	43.9561172	
3.302475	30.3520513	30.3163691	44.0354326	43.9822972	
3.312329	30.3854793	30.342549	44.0688607	43.9997504	
3.322824	30.4213124	30.368729	44.1046937	44.034657	
3.33297	30.4561528	30.4036356	44.1395342	44.0695636	
3.34312	30.4912062	30.4298155	44.1745875	44.1044702	
3.353738	30.5281204	30.4647221	44.2115018	44.1393768	
3.363491	30.5622064	30.5083553	44.2455878	44.1742834	
3.373555	30.5975779	30.5432619	44.2809592	44.2179166	
3.383663	30.6333051	30.5781685	44.3166865	44.2528232	
3.39378	30.6692761	30.6130751	44.3526575	44.2964564	
3.404033	30.7059603	30.6567083	44.3893417	44.3400896	
3.414023	30.7418649	30.7090682	44.4252463	44.3837229	
3.424126	30.7783919	30.7527014	44.4617732	44.4273561	
3.434309	30.8154456	30.787608	44.4988269	44.479716	
3.444416	30.8523935	30.8399679	44.5357748	44.5233492	
3.463541	30.9232556	30.9272343	44.606637	44.601889	
3.468049	30.9399208	30.935961	44.6233021	44.628069	
3.478092	30.9773027	30.9883209	44.6606841	44.6629756	
3.488215	31.0152184	31.0319541	44.6985997	44.7066088	
3.498375	31.0534643	31.0668607	44.7368456	44.750242	
3.5086	31.0921799	31.1017673	44.7755613	44.7938753	
3.518663	31.1304489	31.1454005	44.8138302	44.8375085	
3.528866	31.1694946	31.1803071	44.852876	44.8724151	
3.539084	31.2087913	31.2152137	44.8921727	44.9073217	
3.549124	31.2476032	31.2501203	44.9309845	44.9422282	
3.560296	31.291089	31.2763002	44.9744704	44.9684082	
3.569818	31.3282797	31.3112068	45.011661	45.0033148	
3.579613	31.3667234	31.3461134	45.0501047	45.0294947	
3.589721	31.4066314	31.3722933	45.0900127	45.0556746	
3.5999	31.4470237	31.3984732	45.130405	45.0818546	
3.610037	31.4874384	31.4333798	45.1708197	45.1167612	
3.628322	31.5611977	31.4595598	45.244579	45.1865743	
3.632705	31.5788386	31.5119196	45.26222	45.195301	
3.642839	31.61991	31.5468262	45.3032914	45.2389342	
3.652963	31.6611621	31.5904595	45.3445434	45.2825674	
3.665084	31.7108844	31.625366	45.3942658	45.3262007	
3.673296	31.7446326	31.6777259	45.4280139	45.3611073	
3.683501	31.7868306	31.7213592	45.470212	45.4134671	
3.693539	31.8285296	31.7649924	45.5119109	45.4571004	
3.703622	31.8706402	31.8173523	45.5540215	45.5007336	
3.713955	31.9139982	31.8697121	45.5973795	45.5530935	
3.723934	31.9560707	31.9133454	45.639452	45.6054534	
3.734098	31.9991188	31.9657053	45.6825001	45.6490866	
3.744203	32.0421205	32.0180651	45.7255018	45.7014465	
3.754345	32.0855029	32.070425	45.7688843	45.7538063	
3.774503	32.1727615	32.1140582	45.8561428	45.8497994	
3.778899	32.191709	32.1925981	45.8750904	45.8759794	
3.798711	32.278401	32.2885912	45.9617823	45.9719725	
3.8111	32.332823	32.3147711	46.0162044	46.0243324	
3.815508	32.3521753	32.3758576	46.0355566	46.0505123	
3.825609	32.3968175	32.4282175	46.0801988	46.0941455	
3.836033	32.4431123	32.4718507	46.1264936	46.1377788	
3.84591	32.4871411	32.515484	46.1705224	46.181412	
3.856005	32.5317664	32.5503905	46.2151478	46.2163186	
3.868911	32.5884716	32.5940238	46.2718529	46.2599518	
3.876534	32.6218498	32.6202037	46.3052311	46.2948584	
3.894347	32.6990939	32.6812902	46.3824752	46.3646716	
3.898709	32.7180112	32.6987435	46.4013926	46.3733982	
3.909055	32.7626527	32.7336501	46.4460341	46.4170315	
3.919033	32.8055088	32.7685567	46.4888902	46.451938	
3.929163	32.8488133	32.8121899	46.5321946	46.4955713	
3.939347	32.8921428	32.8470965	46.5755241	46.5392045	
3.949448	32.9349056	32.8820031	46.6182869	46.5828377	
3.959531	32.9774122	32.9256363	46.6607936	46.6177443	
3.970481	33.023339	32.9692696	46.7067203	46.6701042	
3.979809	33.0622587	33.0129028	46.74564	46.7050108	
3.990006	33.1046711	33.056536	46.7880525	46.748644	
4.000123	33.1464506	33.1001693	46.8298319	46.7922772	
4.010256	33.1881424	33.1525291	46.8715238	46.8271838	
4.020391	33.2296475	33.1961624	46.9130288	46.8708171	
4.030461	33.2706703	33.2485223	46.9540516	46.9144503	
4.040826	33.3126918	33.3008821	46.9960731	46.9668102	
4.050893	33.3533077	33.3445154	47.0366891	47.0017168	
4.061108	33.3943169	33.3968752	47.0776982	47.0540766	
4.071823	33.4371045	33.4405085	47.1204859	47.0977099	
4.081322	33.4748312	33.4841417	47.1582125	47.1413431	
4.091634	33.5156024	33.5277749	47.1989837	47.1849763	
4.101793	33.5555622	33.5714082	47.2389436	47.2286096	
4.112237	33.5964284	33.6150414	47.2798098	47.2722428	
4.122082	33.6347768	33.649948	47.3181582	47.315876	
4.132149	33.6737562	33.6848546	47.3571375	47.3507826	
4.142261	33.7127151	33.7197611	47.3960965	47.4031425	
4.152412	33.7516394	33.7546677	47.4350208	47.4380491	
4.162535	33.790254	33.7895743	47.4736354	47.4816823	
4.173109	33.8303514	33.8244809	47.5137327	47.5165889	
4.182863	33.8671367	33.8593875	47.550518	47.5514955	
4.193091	33.9055367	33.8942941	47.588918	47.5864021	
4.203255	33.9434632	33.9292007	47.6268446	47.612582	
4.21371	33.9822867	33.9641072	47.6656681	47.6474886	
4.223731	34.019294	33.9990138	47.7026753	47.6823952	
4.233562	34.0553923	34.0339204	47.7387736	47.7173017	
4.243689	34.0923979	34.0601004	47.7757793	47.7434817	
4.253764	34.1289883	34.0950069	47.8123696	47.7783883	
4.264045	34.1661522	34.1386402	47.8495335	47.8132949	
4.275198	34.2061895	34.1735468	47.8895708	47.8569281	
4.284188	34.238311	34.2084533	47.9216923	47.8918347	
4.294355	34.2744341	34.2433599	47.9578154	47.9267413	
4.304466	34.3101464	34.2782665	47.9935277	47.9616478	
4.322509	34.3731232	34.3480797	48.0565046	48.031461	
4.326897	34.3884463	34.3568063	48.0718277	48.0489143	
4.337056	34.4236915	34.3917129	48.1070729	48.0838209	
4.347275	34.4589278	34.4353461	48.1423091	48.1187275	
4.357354	34.493489	34.4702527	48.1768703	48.1536341	
4.367453	34.527907	34.5051593	48.2112884	48.1885406	
4.378452	34.5651681	34.5487925	48.2485494	48.2321739	
4.3886	34.5993225	34.5924258	48.2827039	48.2670805	
4.398746	34.6332839	34.6273324	48.3166653	48.3107137	
4.408853	34.6669037	34.6622389	48.350285	48.3456203	
4.418972	34.7003777	34.6971455	48.3837591	48.3805269	
4.429093	34.7336366	34.7320521	48.4170179	48.4154335	
4.439267	34.7668716	34.7669587	48.4502529	48.4416134	
4.449412	34.7998284	34.8018653	48.4832098	48.47652	
4.459569	34.8325949	34.8280452	48.5159762	48.5026999	
4.469634	34.8648689	34.8542252	48.5482502	48.5376065	
4.480402	34.8991804	34.8891317	48.5825617	48.5725131	
4.490562	34.931505	34.9153117	48.6148864	48.6074197	
4.50079	34.9635151	34.9502183	48.6468964	48.6335996	
4.510865	34.9950052	34.9763982	48.6783865	48.6685062	
4.521124	35.0268735	35.0113048	48.7102548	48.6946861	
4.531168	35.0578558	35.0374847	48.7412372	48.7208661	
4.541253	35.0887762	35.0723913	48.7721575	48.747046	
4.551625	35.1203765	35.0985713	48.8037578	48.7819526	
4.561501	35.1502519	35.1247512	48.8336332	48.8168592	
4.571625	35.1806943	35.1596578	48.8640757	48.8430391	
4.582519	35.2131974	35.1945644	48.8965787	48.8779457	
4.592652	35.2432322	35.2207443	48.9266135	48.9041256	
4.603056	35.2738719	35.2556509	48.9572532	48.9303056	
4.612888	35.3026195	35.2905575	48.9860009	48.9564855	
4.623018	35.3320512	35.3254641	49.0154325	48.9913921	
4.64109	35.3837654	35.351644	49.0671467	49.043752	
4.645489	35.3963624	35.3952772	49.0797438	49.0612053	
4.655644	35.4252083	35.4214572	49.1085897	49.0961119	
4.665777	35.4537898	35.4476371	49.1371711	49.1222918	
4.675895	35.4821331	35.473817	49.1655145	49.1484717	
4.686104	35.5105252	35.499997	49.1939066	49.1833783	
4.69625	35.5385265	35.5349036	49.2219078	49.2008316	
4.706375	35.5662764	35.5610835	49.2496578	49.2357382	
4.71652	35.5938758	35.5872634	49.2772572	49.2619181	
4.726814	35.621676	35.6134434	49.3050574	49.2880981	
4.737272	35.6497128	35.6396233	49.3330941	49.3230047	
4.755263	35.6971492	35.6745299	49.3805306	49.3666379	
4.759667	35.7087667	35.7007098	49.3921481	49.3753645	
4.769837	35.7353727	35.7268898	49.4187541	49.4102711	
4.779912	35.7615316	35.7530697	49.4449129	49.4364511	
4.79016	35.7879441	35.7792497	49.4713254	49.462631	
4.800242	35.8136952	35.8054296	49.4970766	49.4800843	
4.810363	35.8393723	35.8228829	49.5227536	49.5062642	
4.82051	35.8649026	35.8490628	49.548284	49.5324442	
4.830806	35.8910049	35.8752428	49.5743862	49.5498975	
4.840799	35.9153537	35.8926961	49.5987351	49.5760774	
4.850913	35.9402022	35.918876	49.6235835	49.6022573	
4.861049	35.964893	35.9450559	49.6482743	49.6197106	
4.873301	35.9944435	35.9625092	49.6778248	49.6546172	
4.881269	36.0135523	35.9886892	49.6969336	49.6720705	
4.891503	36.0378809	36.0148691	49.7212622	49.6895238	
4.901561	36.061578	36.0410491	49.7449593	49.7157037	
4.911779	36.0854551	36.0585023	49.7688365	49.7418837	
4.921918	36.108949	36.0934089	49.7923304	49.759337	
4.9323	36.1327943	36.1195889	49.8161757	49.7942436	
4.942125	36.1551809	36.1370422	49.8385623	49.8116969	
4.952265	36.1780623	36.1632221	49.8614436	49.8378768	
4.962438	36.2008305	36.1981287	49.8842118	49.8640567	
4.972565	36.2232863	36.215582	49.9066676	49.8902367	
4.982665	36.2454934	36.2417619	49.9288748	49.90769	
4.993173	36.2683809	36.2679419	49.9517622	49.9338699	
5.002997	36.2895709	36.2941218	49.9729523	49.9600498	
5.020989	36.3276262	36.3115751	50.0110076	49.9949564	
5.025325	36.336817	36.337755	50.0201984	50.0036831	
5.035535	36.3582027	36.363935	50.0415841	50.029863	
5.0456	36.3790817	36.3813883	50.062463	50.0473163	
5.055781	36.4000034	36.4075682	50.0833847	50.0734962	
5.065985	36.4207703	36.4337481	50.1041516	50.0822229	
5.076055	36.4410613	36.4424748	50.1244427	50.1084028	
5.087788	36.464429	36.4686547	50.1478103	50.1171295	
5.096404	36.4814592	36.4773814	50.1648405	50.1345828	
5.106514	36.5012281	36.5035613	50.1846094	50.1433094	
5.11672	36.5209725	36.512288	50.2043538	50.1694893	
5.126754	36.5402041	36.5297412	50.2235854	50.178216	
5.136927	36.5594908	36.5471945	50.2428722	50.2043959	
5.147073	36.5785274	36.5559212	50.2619087	50.2218492	
5.157199	36.5973226	36.5733745	50.280704	50.2393025	
5.167366	36.615999	36.5821011	50.2993803	50.2654825	
5.177453	36.6343233	36.5995544	50.3177046	50.2829357	
5.189517	36.65595	36.6170077	50.3393313	50.300389	
5.197982	36.6710013	36.634461	50.3543827	50.3178423	
5.207886	36.6883997	36.6519143	50.3717811	50.3352956	
5.218082	36.7061162	36.6780942	50.3894975	50.3527489	
5.228163	36.7234391	36.6955475	50.4068204	50.3702022	
5.23834	36.740719	36.7217275	50.4241003	50.3876555	
5.248451	36.7576849	36.7479074	50.4410662	50.4051088	
5.258579	36.7744876	36.7653607	50.4578689	50.4225621	
5.268828	36.7912882	36.7915406	50.4746695	50.4400154	
5.278825	36.8074709	36.8002673	50.4908522	50.4574687	
5.290432	36.8259991	36.8264472	50.5093805	50.474922	
5.299244	36.8399259	36.8351739	50.5233072	50.4923753	
5.309296	36.8555996	36.8526272	50.5389809	50.5098286	
5.319423	36.8711948	36.8613538	50.5545761	50.5272818	
5.329534	36.8865772	36.8788071	50.5699585	50.5534618	
5.339713	36.9018519	36.8962604	50.5852332	50.5709151	
5.349844	36.9168541	36.8962604	50.6002355	50.5883684	
5.359957	36.9316342	36.9137137	50.6150155	50.6058217	
5.370133	36.9463075	36.931167	50.6296888	50.623275	
5.380218	36.960646	36.9398936	50.6440273	50.6320016	
5.390378	36.9748957	36.9486203	50.658277	50.6494549	
5.400566	36.9890588	36.9660736	50.6724401	50.6581815	
5.410706	37.0028011	36.9748002	50.6861824	50.6669082	
5.420944	37.0165592	36.9922535	50.6999406	50.6843615	
5.430954	37.0298087	37.0009801	50.71319	50.6930881	
5.449296	37.0532967	37.0358867	50.7366781	50.7018148	
5.453696	37.0589444	37.0358867	50.7423257	50.7105414	
5.463834	37.0717185	37.05334	50.7550998	50.7192681	
5.473991	37.0843195	37.0620667	50.7677008	50.7367214	
5.48406	37.0966163	37.0707933	50.7799976	50.7367214	
5.503387	37.1193312	37.0882466	50.8027125	50.7629013	
5.507999	37.1247649	37.1056999	50.8081463	50.7716279	
5.518112	37.1364487	37.1144265	50.81983	50.7803546	
5.528219	37.14793	37.1231532	50.8313113	50.7978079	
5.538339	37.1592289	37.1406065	50.8426102	50.8152612	
5.548527	37.1704035	37.1493331	50.8537848	50.8327145	
5.558629	37.1812874	37.1580598	50.8646688	50.8414411	
5.568786	37.1920351	37.1755131	50.8754164	50.8588944	
5.578945	37.2025887	37.1755131	50.88597	50.8763477	
5.589025	37.2128561	37.1842397	50.8962375	50.8850743	
5.599245	37.2230746	37.201693	50.906456	50.9025276	
5.609401	37.2330274	37.2104197	50.9164087	50.9112543	
5.619582	37.2428052	37.2191463	50.9261865	50.9112543	
5.629636	37.2522735	37.2278729	50.9356549	50.9287076	
5.639773	37.2616166	37.2453262	50.9449979	50.9287076	
5.649992	37.2708396	37.2453262	50.954221	50.9374342	
5.660088	37.2797576	37.2540529	50.963139	50.9374342	
5.670216	37.2885082	37.2715062	50.9718895	50.9461609	
5.680371	37.2970871	37.2802328	50.9804685	50.9461609	
5.6905	37.3054461	37.2802328	50.9888274	50.9461609	
5.701069	37.3139572	37.2889595	50.9973385	50.9461609	
5.711215	37.3219311	37.2889595	51.0053125	50.9548875	
5.721308	37.3296695	37.2976861	51.0130509	50.9636142	
5.731525	37.3373102	37.3064128	51.0206916	50.9810675	
5.741557	37.3446206	37.3064128	51.0280019	50.9810675	
5.751793	37.3518792	37.3151394	51.0352606	50.9985207	
5.761901	37.3588572	37.3151394	51.0422386	51.0072474	
5.771979	37.3656244	37.3151394	51.0490057	51.015974	
5.783891	37.3734969	37.3238661	51.0568783	51.0334273	
5.792483	37.3787829	37.3325927	51.0621643	51.042154	
5.803216	37.3853552	37.3413193	51.0687365	51.0508806	
5.813492	37.3914519	37.350046	51.0748333	51.0596073	
5.823559	37.3972384	37.3587726	51.0806198	51.0683339	
5.833687	37.4028708	37.3762259	51.0862522	51.0770606	
5.844011	37.4084115	37.3849526	51.0917928	51.0857872	
5.853966	37.4135746	37.3936792	51.0969559	51.0857872	
5.864101	37.4186397	37.4111325	51.1020211	51.0857872	
5.8843	37.4277957	37.4198592	51.1111771	51.0945139	
5.888676	37.4298051	37.4198592	51.1131864	51.0945139	
5.898826	37.4342332	37.4285858	51.1176145	51.1032405	
5.909214	37.4385686	37.4285858	51.1219499	51.1032405	
5.91916	37.4425409	37.4373125	51.1259223	51.1032405	
5.929283	37.4464007	37.4373125	51.1297821	51.1119671	
5.939453	37.4500925	37.4373125	51.1334738	51.1119671	
5.949584	37.4535892	37.4373125	51.1369705	51.1206938	
5.959694	37.4568967	37.4373125	51.140278	51.1206938	
5.969841	37.4600356	37.4373125	51.1434169	51.1206938	
5.979936	37.4629805	37.4373125	51.1463618	51.1206938	
5.990101	37.4657677	37.4373125	51.1491491	51.1206938	
6.000249	37.4683712	37.4373125	51.1517526	51.1206938	
6.010472	37.4708172	37.4373125	51.1541985	51.1206938	
6.020561	37.473057	37.4373125	51.1564383	51.1206938	
6.030727	37.4751442	37.4373125	51.1585256	51.1206938	
6.04085	37.4770573	37.4373125	51.1604387	51.1206938	
6.051096	37.478814	37.4373125	51.1621953	51.1206938	
6.061119	37.4803783	37.4373125	51.1637597	51.1206938	
6.071229	37.4817957	37.4373125	51.165177	51.1206938	
6.081356	37.4830608	37.4373125	51.1664421	51.1206938	
6.09156	37.4841802	37.4373125	51.1675616	51.1206938	
6.101611	37.4889357	37.4373125	51.1723171	51.1206938	
6.111842	37.4889357	37.4373125	51.1723171	51.1294204	
6.122035	37.4889357	37.4373125	51.1723171	51.1294204	
6.132123	37.4889357	37.4373125	51.1723171	51.1381471	
6.142212	37.4889357	37.4373125	51.1723171	51.1381471	
6.152487	37.4889357	37.4373125	51.1723171	51.1468737	
6.162523	37.4889357	37.4373125	51.1723171	51.1468737	
6.172666	37.4889357	37.4373125	51.1723171	51.1468737	
6.182776	37.4889357	37.4460391	51.1723171	51.1468737	
6.192951	37.4889357	37.4460391	51.1723171	51.1468737	
6.203514	37.4889357	37.4460391	51.1723171	51.1468737	
6.213298	37.4889357	37.4460391	51.1723171	51.1468737	
6.223474	37.4889357	37.4460391	51.1723171	51.1468737	
6.23356	37.4889357	37.4460391	51.1723171	51.1468737	
6.243646	37.4889357	37.4460391	51.1723171	51.1468737	
6.253932	37.4889357	37.4460391	51.1723171	51.1468737	
6.263904	37.4889357	37.4460391	51.1723171	51.1468737	
6.27403	37.4889357	37.4460391	51.1723171	51.1468737	
6.284157	37.4889357	37.4460391	51.1723171	51.1468737	
6.294274	37.4889357	37.4460391	51.1723171	51.1468737	
6.304434	37.4889357	37.4460391	51.1723171	51.1468737	
6.322548	37.4889357	37.4460391	51.1723171	51.1468737	
6.326974	37.4889357	37.4460391	51.1723171	51.1468737	
6.337115	37.4889357	37.4460391	51.1723171	51.1468737	
6.347269	37.4889357	37.4460391	51.1723171	51.1468737	
6.357423	37.4889357	37.4460391	51.1723171	51.1468737	
6.367542	37.4889357	37.4460391	51.1723171	51.1468737	
6.377688	37.4889357	37.4460391	51.1723171	51.1468737	
6.387836	37.4889357	37.4460391	51.1723171	51.1468737	
6.397961	37.4889357	37.4460391	51.1723171	51.1468737	
6.408122	37.4889357	37.4460391	51.1723171	51.1468737	
6.418367	37.4889357	37.4460391	51.1723171	51.1468737	
6.428429	37.4889357	37.4460391	51.1723171	51.1468737	
6.438591	37.4889357	37.4460391	51.1723171	51.1468737	
6.448675	37.4889357	37.4460391	51.1723171	51.1468737	
6.458876	37.4889357	37.4460391	51.1723171	51.1468737	
6.46901	37.4889357	37.4460391	51.1723171	51.1468737	
6.47911	37.4889357	37.4460391	51.1723171	51.1468737	
6.489249	37.4889357	37.4460391	51.1723171	51.1468737	
6.499449	37.4889357	37.4460391	51.1723171	51.1468737	
6.509553	37.4889357	37.4460391	51.1723171	51.1468737	
6.519731	37.4889357	37.4460391	51.1723171	51.1468737	
6.529851	37.4889357	37.4460391	51.1723171	51.1468737	
6.539989	37.4889357	37.4460391	51.1723171	51.1468737	
6.550113	37.4889357	37.4460391	51.1723171	51.1468737	
6.560231	37.4889357	37.4460391	51.1723171	51.1468737	
6.57048	37.4889357	37.4460391	51.1723171	51.1468737	
6.580542	37.4889357	37.4460391	51.1723171	51.1468737	
6.59068	37.4889357	37.4460391	51.1723171	51.1468737	
6.600914	37.4889357	37.4460391	51.1723171	51.1468737	
6.611106	37.4889357	37.4460391	51.1723171	51.1468737	
6.621209	37.4889357	37.4460391	51.1723171	51.1468737	
6.631277	37.4889357	37.4460391	51.1723171	51.1468737	
6.641422	37.4889357	37.4460391	51.1723171	51.1468737	
6.651626	37.4889357	37.4460391	51.1723171	51.1468737	
6.66166	37.4889357	37.4460391	51.1723171	51.1468737	
6.671846	37.4889357	37.4460391	51.1723171	51.1468737	
6.682001	37.4889357	37.4460391	51.1723171	51.1468737	
6.692152	37.4889357	37.4460391	51.1723171	51.1468737	
6.702221	37.4889357	37.4460391	51.1723171	51.1468737	
6.712521	37.4889357	37.4460391	51.1723171	51.1468737	
6.722572	37.4889357	37.4460391	51.1723171	51.1468737	
6.73272	37.4889357	37.4460391	51.1723171	51.1468737	
6.742813	37.4889357	37.4460391	51.1723171	51.1468737	
6.752922	37.4889357	37.4460391	51.1723171	51.1468737	
6.771475	37.4889357	37.4460391	51.1723171	51.1468737	
6.775837	37.4889357	37.4460391	51.1723171	51.1468737	
6.786031	37.4889357	37.4460391	51.1723171	51.1468737	
6.796156	37.4889357	37.4460391	51.1723171	51.1468737	
6.806275	37.4889357	37.4460391	51.1723171	51.1468737	
6.816423	37.4889357	37.4460391	51.1723171	51.1468737	
6.826639	37.4889357	37.4460391	51.1723171	51.1468737	
6.836836	37.4889357	37.4460391	51.1723171	51.1468737	
6.847088	37.4889357	37.4460391	51.1723171	51.1468737	
6.857171	37.4889357	37.4460391	51.1723171	51.1468737	
6.867432	37.4889357	37.4460391	51.1723171	51.1468737	
6.887041	37.4889357	37.4460391	51.1723171	51.1468737	
6.891503	37.4889357	37.4460391	51.1723171	51.1468737	
6.901548	37.4889357	37.4460391	51.1723171	51.1468737	
6.911952	37.4889357	37.4460391	51.1723171	51.1468737	
6.922814	37.4889357	37.4460391	51.1723171	51.1468737	
6.932051	37.4889357	37.4460391	51.1723171	51.1468737	
6.942153	37.4889357	37.4460391	51.1723171	51.1468737	
6.952259	37.4889357	37.4460391	51.1723171	51.1468737	
6.962528	37.4889357	37.4460391	51.1723171	51.1468737	
6.972546	37.4889357	37.4460391	51.1723171	51.1468737	
6.982662	37.4889357	37.4460391	51.1723171	51.1468737	
6.992784	37.4889357	37.4460391	51.1723171	51.1468737	
7.002904	37.4889357	37.4460391	51.1723171	51.1468737	
7.022562	37.4889357	37.4460391	51.1723171	51.1468737	
7.026958	37.4889357	37.4460391	51.1723171	51.1468737	
7.037178	37.4889357	37.4460391	51.1723171	51.1468737	
7.047243	37.4889357	37.4460391	51.1723171	51.1468737	
7.057418	37.4889357	37.4460391	51.1723171	51.1468737	
7.067574	37.4889357	37.4460391	51.1723171	51.1468737	
7.077733	37.4889357	37.4460391	51.1723171	51.1468737	
7.08786	37.4889357	37.4460391	51.1723171	51.1468737	
7.098034	37.4889357	37.4460391	51.1723171	51.1468737	
7.108145	37.4889357	37.4460391	51.1723171	51.1468737	
7.118256	37.4889357	37.4460391	51.1723171	51.1468737	
7.128482	37.4889357	37.4460391	51.1723171	51.1468737	
7.1386	37.4889357	37.4460391	51.1723171	51.1468737	
7.148818	37.4889357	37.4460391	51.1723171	51.1468737	
7.158911	37.4889357	37.4460391	51.1723171	51.1468737	
7.169047	37.4889357	37.4460391	51.1723171	51.1468737	
7.179198	37.4889357	37.4460391	51.1723171	51.1468737	
7.189301	37.4889357	37.4460391	51.1723171	51.1468737	
7.199473	37.4889357	37.4460391	51.1723171	51.1468737	
7.209596	37.4889357	37.4460391	51.1723171	51.1468737	
7.219735	37.4889357	37.4460391	51.1723171	51.1468737	
7.230042	37.4889357	37.4547657	51.1723171	51.1468737	
7.240178	37.4889357	37.4547657	51.1723171	51.1556004	
7.250382	37.4889357	37.4547657	51.1723171	51.1556004	
7.260422	37.4889357	37.4634924	51.1723171	51.1556004	
7.270554	37.4889357	37.472219	51.1723171	51.1556004	
7.280701	37.4889357	37.4809457	51.1723171	51.164327	
7.290911	37.4889357	37.4896723	51.1723171	51.164327	
7.301099	37.4889357	37.4896723	51.1723171	51.1730537	
7.311206	37.4889357	37.5071256	51.1723171	51.1730537	
7.321316	37.4889357	37.5158523	51.1723171	51.1817803	
