0.04514277	
0.0514666	
0.06165133	
0.07185605	
0.09012355	
0.09443344	
0.1048362	
0.1149409	
0.1251936	
0.1353323	
0.1454421	
0.1556068	
0.1658575	
0.1761282	
0.1864129	
0.1966317	
0.2067544	
0.2170061	
0.2271048	
0.2406195	
0.2474923	
0.257595	
0.2677367	
0.2779865	
0.2881022	
0.2983639	
0.3085226	
0.3186783	
0.3289061	
0.3393368	
0.3492695	
0.3594882	
0.369556	
0.3797527	
0.3899474	
0.4001441	
0.4103119	
0.4205036	
0.4306873	
0.440918	
0.4510378	
0.4611645	
0.4714322	
0.4817699	
0.4917486	
0.5019394	
0.5121741	
0.5224808	
0.5324445	
0.5426453	
0.552854	
0.5629857	
0.5731854	
0.5834372	
0.5936209	
0.6036946	
0.6138623	
0.6240541	
0.6343078	
0.6444325	
0.6546872	
0.6648939	
0.6749487	
0.6853464	
0.6953461	
0.7055058	
0.7156566	
0.7258473	
0.736075	
0.7463627	
0.7564275	
0.7666092	
0.7767989	
0.7869406	
0.7970554	
0.8073441	
0.8174128	
0.8276635	
0.8378352	
0.848294	
0.8582157	
0.8683244	
0.8785451	
0.8889769	
0.8989046	
0.9090723	
0.919332	
0.9294358	
0.9396405	
0.9498062	
0.9614269	
0.9702337	
0.9803264	
0.9904711	
1.000906	
1.010836	
1.021086	
1.031308	
1.041372	
1.051571	
1.061713	
1.071911	
1.082242	
1.092333	
1.102572	
1.112789	
1.122888	
1.133069	
1.143424	
1.153422	
1.163623	
1.173752	
1.185135	
1.194183	
1.204287	
1.214496	
1.22479	
1.23491	
1.245182	
1.255259	
1.26535	
1.275534	
1.285689	
1.295881	
1.30641	
1.324403	
1.328843	
1.338992	
1.349249	
1.360767	37.5686103	37.5682121	51.2083584	51.2079603	
1.369484	37.5690389	37.5682121	51.208787	51.2079603	
1.379624	37.5697572	37.5682121	51.2095054	51.2079603	
1.389854	37.5706928	37.5769388	51.2104409	51.2079603	
1.400041	37.5718318	37.5769388	51.2115799	51.2079603	
1.410305	37.5731903	37.5769388	51.2129384	51.2079603	
1.420374	37.5747238	37.5682121	51.2144719	51.2079603	
1.430559	37.5764842	37.5594855	51.2162323	51.2079603	
1.440928	37.5784937	37.5594855	51.2182418	51.2079603	
1.450912	37.5806212	37.5594855	51.2203693	51.2079603	
1.462288	37.5833251	37.5682121	51.2230732	51.2166869	
1.471723	37.5857241	37.5769388	51.2254722	51.2166869	
1.481797	37.5884968	37.5769388	51.2282449	51.2166869	
1.491871	37.5914709	37.5856654	51.231219	51.2166869	
1.502047	37.5947476	37.5856654	51.2344957	51.2254135	
1.51226	37.5981182	37.5856654	51.2378663	51.2254135	
1.522482	37.6017646	37.5856654	51.2415128	51.2254135	
1.532705	37.6056205	37.5769388	51.2453686	51.2341402	
1.542909	37.6096769	37.5769388	51.249425	51.2428668	
1.553141	37.6139536	37.5769388	51.2537017	51.2515935	
1.57202	37.6227235	37.5769388	51.2624716	51.2603201	
1.576714	37.6248791	37.5769388	51.2646272	51.2603201	
1.5868	37.6297701	37.5856654	51.2695182	51.2603201	
1.596994	37.6349276	37.5856654	51.2746757	51.2690468	
1.607135	37.6402604	37.5943921	51.2800085	51.2777734	
1.617301	37.6458131	37.5943921	51.2855612	51.2777734	
1.627541	37.6516174	37.6031187	51.2913655	51.2777734	
1.637754	37.6576153	37.6118454	51.2973634	51.2777734	
1.648476	37.6641468	37.6292987	51.3038949	51.2777734	
1.658206	37.6702551	37.6292987	51.3100032	51.2865001	
1.668379	37.6768509	37.6380253	51.3165991	51.2865001	
1.678562	37.6836635	37.646752	51.3234116	51.2865001	
1.696886	37.6967373	37.6642053	51.3364854	51.2952267	
1.701452	37.6999752	37.6642053	51.3397233	51.2952267	
1.711686	37.7074983	37.6729319	51.3472464	51.3039534	
1.721778	37.7151162	37.6816586	51.3548643	51.31268	
1.732051	37.7230899	37.6903852	51.362838	51.3301333	
1.742315	37.7312633	37.6903852	51.3710114	51.3301333	
1.752419	37.7395127	37.6991118	51.3792608	51.3475866	
1.763492	37.74881	37.6991118	51.3885581	51.3650399	
1.773019	37.7569744	37.7078385	51.3967225	51.3737665	
1.783055	37.7657834	37.7165651	51.4055315	51.3912198	
1.793236	37.7749275	37.7252918	51.4146756	51.3999465	
1.811877	37.7925217	37.7340184	51.4322698	51.4173998	
1.81657	37.7969291	37.7514717	51.4366772	51.4173998	
1.826764	37.8067695	37.768925	51.4465176	51.4261264	
1.836974	37.8168352	37.7776517	51.4565833	51.4348531	
1.847107	37.8270264	37.8038316	51.4667745	51.4348531	
1.857336	37.8375287	37.8125582	51.4772768	51.4523063	
1.868095	37.8488091	37.8387382	51.4885572	51.461033	
1.878323	37.8597332	37.8474648	51.4994813	51.4697596	
1.888502	37.8708161	37.8649181	51.5105642	51.4784863	
1.898671	37.8820937	37.8736448	51.5218418	51.4959396	
1.908852	37.8935931	37.8823714	51.5333413	51.5046662	
1.919085	37.9053566	37.8910981	51.5451048	51.5221195	
1.929245	37.9172454	37.8998247	51.5569935	51.5395728	
1.939462	37.9294102	37.9085514	51.5691583	51.5482995	
1.949647	37.9417465	37.9085514	51.5814946	51.5657528	
1.959855	37.9543207	37.917278	51.5940688	51.5744794	
1.970047	37.9670777	37.917278	51.6068258	51.583206	
1.980169	37.9799487	37.9347313	51.6196968	51.6006593	
1.990348	37.9931025	37.9434579	51.6328506	51.609386	
2.000409	38.006297	37.9521846	51.6460451	51.6181126	
2.010578	38.019849	37.9696379	51.6595971	51.6355659	
2.029498	38.0459559	37.9783645	51.685704	51.6530192	
2.033832	38.0518961	38.0045445	51.6916442	51.6617459	
2.043941	38.0660448	38.0219978	51.7057929	51.6791992	
2.054124	38.0805676	38.039451	51.7203157	51.6879258	
2.065614	38.0971122	38.0569043	51.7368603	51.7053791	
2.074416	38.1099466	38.0743576	51.7496947	51.7141057	
2.084511	38.1248873	38.0918109	51.7646354	51.731559	
2.094677	38.140145	38.1092642	51.7798931	51.7490123	
2.104854	38.1556294	38.1179909	51.7953775	51.7664656	
2.114929	38.171156	38.1354442	51.8109042	51.7839189	
2.125067	38.1869938	38.1528974	51.8267419	51.8100988	
2.135173	38.2029793	38.1703507	51.8427274	51.8188255	
2.145322	38.2192375	38.187804	51.8589856	51.8450054	
2.155466	38.2357033	38.213984	51.8754514	51.8711854	
2.167624	38.2557657	38.2314373	51.8955138	51.8886387	
2.17582	38.2693702	38.2576172	51.9091183	51.906092	
2.185917	38.2863592	38.2750705	51.9261073	51.9235452	
2.196114	38.3037356	38.2925238	51.9434837	51.9409985	
2.206139	38.3210692	38.3187037	51.9608173	51.9584518	
2.216633	38.3393346	38.3274304	51.9790827	51.9759051	
2.226739	38.3571671	38.3448837	51.9969152	51.9846318	
2.236873	38.3752599	38.362337	52.015008	51.9933584	
2.247001	38.3935453	38.3797903	52.0332934	52.0108117	
2.257231	38.4122344	38.3885169	52.0519825	52.028265	
2.267298	38.4308158	38.3972435	52.070564	52.0369916	
2.277524	38.4499129	38.4146968	52.089661	52.0544449	
2.287682	38.4690716	38.4321501	52.1088197	52.0718982	
2.29783	38.4884287	38.4408768	52.1281768	52.0893515	
2.307933	38.5078997	38.4583301	52.1476478	52.1068048	
2.318027	38.5275631	38.4757834	52.1673112	52.1329848	
2.328208	38.5476021	38.5019633	52.1873502	52.150438	
2.348226	38.5879955	38.5368699	52.2277436	52.1940713	
2.353169	38.5979547	38.5455965	52.2377028	52.2027979	
2.362688	38.6173226	38.5717765	52.2570707	52.2202512	
2.375186	38.6431417	38.6066831	52.2828898	52.2464312	
2.384968	38.6634875	38.6415896	52.3032356	52.2726111	
2.395028	38.6846296	38.6590429	52.3243777	52.298791	
2.405129	38.7060558	38.6852229	52.3458039	52.324971	
2.41523	38.7276947	38.7201295	52.3674429	52.3424243	
2.425479	38.7498667	38.7463094	52.3896148	52.3773309	
2.435534	38.7718173	38.7724893	52.4115654	52.4035108	
2.44565	38.7940907	38.7986693	52.4338388	52.4296907	
2.466605	38.8413879	38.8510291	52.481136	52.4820506	
2.476767	38.8644046	38.8684824	52.5041527	52.5082305	
2.487743	38.8895173	38.8946624	52.5292654	52.5344105	
2.497177	38.9112724	38.9208423	52.5510205	52.5605904	
2.507341	38.9349081	38.9382956	52.5746562	52.5867704	
2.517515	38.9587835	38.9557489	52.5985316	52.6042237	
2.52774	38.9829857	38.9819288	52.6227338	52.6216769	
2.537669	39.0066767	38.9993821	52.6464248	52.6391302	
2.547744	39.0309132	39.0168354	52.6706613	52.6565835	
2.557872	39.0554925	39.0255621	52.6952406	52.6740368	
2.568006	39.0802992	39.051742	52.7200473	52.6914901	
2.578252	39.1055962	39.0604687	52.7453443	52.7089434	
2.588262	39.1304912	39.0866486	52.7702393	52.7263967	
2.598429	39.1560129	39.1041019	52.795761	52.74385	
2.608578	39.1816623	39.1302818	52.8214104	52.7613033	
2.618668	39.2073756	39.1477351	52.8471237	52.7874832	
2.62886	39.2335706	39.1739151	52.8733187	52.8136632	
2.639031	39.2599211	39.200095	52.8996692	52.8485698	
2.649174	39.2863809	39.2350016	52.926129	52.8747497	
2.65928	39.3129559	39.2699082	52.952704	52.9009296	
2.669384	39.3397377	39.3048148	52.9794858	52.9358362	
2.67961	39.367064	39.3397213	53.0068121	52.9707428	
2.689768	39.3943929	39.3746279	53.034141	53.0056494	
2.707978	39.4442174	39.4269878	53.0839655	53.0754626	
2.71233	39.4560923	39.4444411	53.0958404	53.0841892	
2.722602	39.4844174	39.4793477	53.1241655	53.1190958	
2.7326	39.5121646	39.5142543	53.1519127	53.1540024	
2.74273	39.5405046	39.5491609	53.1802527	53.188909	
2.752937	39.5692748	39.5840674	53.2090229	53.2150889	
2.762994	39.5977947	39.6102474	53.2375428	53.2499955	
2.773088	39.6266552	39.645154	53.2664033	53.2761754	
2.783364	39.6562404	39.6626073	53.2959885	53.311082	
2.793482	39.6855593	39.6887872	53.3253074	53.3285353	
2.803541	39.7149089	39.7236938	53.3546571	53.3547152	
2.813659	39.7446478	39.7411471	53.384396	53.3808952	
2.823966	39.7751686	39.767327	53.4149167	53.4070751	
2.833925	39.8048274	39.7935069	53.4445755	53.4245284	
2.844094	39.8353328	39.8109602	53.4750809	53.4507083	
2.854255	39.8660236	39.8371402	53.5057717	53.4681616	
2.864323	39.8966262	39.8633201	53.5363743	53.4943416	
2.874476	39.9277065	39.8895001	53.5674546	53.5292482	
2.884717	39.9592762	39.91568	53.5990243	53.5641547	
2.89482	39.9906017	39.9418599	53.6303498	53.5903347	
2.904968	40.0222763	39.9680399	53.6620244	53.6252413	
2.91501	40.0538142	40.0029465	53.6935623	53.6601479	
2.925414	40.0867223	40.037853	53.7264704	53.6863278	
2.935297	40.1181664	40.0727596	53.7579145	53.7212344	
2.945454	40.1507012	40.1076662	53.7904493	53.756141	
2.955564	40.1832731	40.1425728	53.8230212	53.7910475	
2.965663	40.2160265	40.1774794	53.8557746	53.8259541	
2.975824	40.2491947	40.212386	53.8889428	53.8608607	
2.986367	40.2838459	40.2472926	53.923594	53.8957673	
2.99619	40.3162648	40.2909258	53.9560129	53.9306739	
3.006323	40.3499629	40.3258324	53.989711	53.9743071	
3.016595	40.3843358	40.3694656	54.0240839	54.0179403	
3.026732	40.4184274	40.4130988	54.0581755	54.0528469	
3.036855	40.4526901	40.4567321	54.0924382	54.0877535	
3.047033	40.487357	40.4916386	54.1271051	54.1313868	
3.057222	40.5222795	40.5352719	54.1620276	54.1662933	
3.067267	40.5568744	40.5701785	54.1966225	54.2011999	
3.077415	40.592059	40.605085	54.2318071	54.2448332	
3.087658	40.6277873	40.6399916	54.2675354	54.2797397	
3.097769	40.6632445	40.6661716	54.3029926	54.3146463	
3.107866	40.6988491	40.7010782	54.3385972	54.3408263	
3.117983	40.7347434	40.7359847	54.3744915	54.3757328	
3.128162	40.7710619	40.7708913	54.41081	54.4019128	
3.138367	40.8076853	40.7970713	54.4474334	54.4368194	
3.148485	40.8442151	40.8319779	54.4839632	54.471726	
3.158602	40.8809095	40.8581578	54.5206576	54.5066325	
3.168759	40.917963	40.8930644	54.5577111	54.5415391	
3.178894	40.9551671	40.927971	54.5949152	54.5764457	
3.189085	40.9927666	40.9628775	54.6325148	54.6026256	
3.199234	41.0304279	40.9977841	54.670176	54.6375322	
3.209389	41.0682991	41.0326907	54.7080472	54.6637122	
3.219492	41.1061911	41.0675973	54.7459392	54.6986188	
3.229585	41.1442416	41.1025039	54.7839897	54.7335253	
3.239795	41.182962	41.1461371	54.8227101	54.7684319	
3.249904	41.2214761	41.1897703	54.8612242	54.8120652	
3.260037	41.2603103	41.2246769	54.9000584	54.8469717	
3.270162	41.2993072	41.2595835	54.9390553	54.890605	
3.280296	41.338552	41.3119434	54.9783001	54.9342382	
3.290535	41.378422	41.3555766	55.0181701	54.9865981	
3.30068	41.4181154	41.3992099	55.0578635	55.0302313	
3.310793	41.4578837	41.4428431	55.0976318	55.0738645	
3.32098	41.4981554	41.4864763	55.1379035	55.1174978	
3.331043	41.538138	41.5388362	55.1778861	55.1698577	
3.34121	41.5787577	41.5737428	55.2185058	55.2047642	
3.351562	41.6203286	41.6261027	55.2600767	55.2571241	
3.361493	41.660378	41.6697359	55.3001261	55.2920307	
3.371648	41.7015762	41.7133691	55.3413243	55.3443906	
3.381745	41.7427058	41.7482757	55.382454	55.3792972	
3.391982	41.7846416	41.7919089	55.4243897	55.4229304	
3.402161	41.8265382	41.8268155	55.4662863	55.4665636	
3.412236	41.8682045	41.8704488	55.5079526	55.5014702	
3.422383	41.9103711	41.9053553	55.5501192	55.5451034	
3.432605	41.9530885	41.9489886	55.5928366	55.58001	
3.442653	41.9952584	41.9838952	55.6350065	55.6236433	
3.453114	42.0393847	42.0275284	55.6791328	55.6585498	
3.4629	42.0808402	42.062435	55.7205883	55.6934564	
3.473067	42.1241205	42.0973416	55.7638686	55.728363	
3.483114	42.167125	42.1322481	55.8068731	55.7632696	
3.49474	42.217147	42.1758814	55.8568951	55.8156295	
3.504871	42.2609137	42.2195146	55.9006618	55.8505361	
3.514964	42.304715	42.2631478	55.9444631	55.8941693	
3.525036	42.3486629	42.3067811	55.988411	55.9378025	
3.535481	42.3944422	42.3504143	56.0341903	55.9727091	
3.545308	42.4376911	42.4027742	56.0774392	56.0163423	
3.555589	42.4831856	42.4464074	56.1229337	56.0687022	
3.565587	42.527581	42.4987673	56.1673291	56.1123355	
3.575689	42.5726568	42.5511272	56.2124049	56.1646953	
3.585833	42.6175291	42.5947604	56.2572772	56.2170552	
3.596762	42.6656275	42.6558469	56.3053756	56.2694151	
3.606945	42.7102363	42.6994802	56.3499844	56.321775	
3.617099	42.7545008	42.75184	56.394249	56.3741348	
3.627153	42.7981471	42.8041999	56.4378952	56.4264947	
3.637338	42.8421505	42.8565598	56.4818986	56.4788546	
3.647536	42.8860079	42.900193	56.525756	56.5312145	
3.657634	42.9292297	42.9438262	56.5689778	56.5748477	
3.667746	42.9723085	42.9961861	56.6120566	56.6272076	
3.677854	43.0151549	43.0398194	56.654903	56.6708408	
3.688057	43.0582219	43.0747259	56.69797	56.714474	
3.69889	43.1036994	43.1183592	56.7434475	56.7581073	
3.709036	43.1460874	43.1619924	56.7858355	56.8017405	
3.719163	43.1881888	43.2056256	56.8279369	56.8453737	
3.729312	43.2301896	43.2405322	56.8699377	56.8802803	
3.739407	43.2717571	43.2841654	56.9115052	56.9151869	
3.749601	43.3135294	43.319072	56.9532775	56.9500935	
3.760005	43.3559575	43.3539786	56.9957056	56.9850001	
3.769876	43.3959963	43.3888852	57.0357444	57.0199067	
3.78	43.4368762	43.4150651	57.0766243	57.0548132	
3.790103	43.4774651	43.4499717	57.1172132	57.0809932	
3.801	43.5210079	43.4848783	57.160756	57.1246264	
3.811024	43.5608604	43.5110583	57.2006085	57.1508064	
3.821179	43.6010399	43.5546915	57.240788	57.1944396	
3.831273	43.6407572	43.5895981	57.2805053	57.2293462	
3.841406	43.6804358	43.6245047	57.3201839	57.2642528	
3.851752	43.7207495	43.6681379	57.3604976	57.2991593	
3.861708	43.7593361	43.7117711	57.3990842	57.3515192	
3.871858	43.7984492	43.7554043	57.4381973	57.4038791	
3.88195	43.8371682	43.8077642	57.4769163	57.4475123	
3.901668	43.9118783	43.8513975	57.5516264	57.5435054	
3.914574	43.9605157	43.9561172	57.6002638	57.604592	
3.919164	43.9777956	43.9822972	57.6175437	57.6220453	
3.935073	44.0370586	44.0172037	57.6768067	57.6918584	
3.939633	44.0540409	44.060837	57.693789	57.7093117	
3.949804	44.0916794	44.1044702	57.7314275	57.7529449	
3.960034	44.1293358	44.1481034	57.7690839	57.7878515	
3.970239	44.1666941	44.1917367	57.8064422	57.8227581	
3.980453	44.2038822	44.2266432	57.8436303	57.8576647	
3.990574	44.2405118	44.2615498	57.8802599	57.8925713	
4.002458	44.2832344	44.2877298	57.9229825	57.9274779	
4.010965	44.313709	44.3226364	57.9534571	57.9623845	
4.021184	44.3500698	44.3488163	57.9898179	57.9885644	
4.03138	44.3861573	44.3749962	58.0259054	58.023471	
4.041568	44.4220251	44.4011762	58.0617732	58.0496509	
4.051781	44.4577462	44.4360828	58.0974943	58.0845575	
4.061969	44.4931989	44.4622627	58.132947	58.1107374	
4.072245	44.5287341	44.4884426	58.1684822	58.1369174	
4.082359	44.563515	44.5146226	58.2032631	58.171824	
4.092663	44.598727	44.5495292	58.2384751	58.2067306	
4.103695	44.636182	44.5844357	58.2759301	58.2416371	
4.121347	44.6953992	44.6193423	58.3351473	58.293997	
4.125914	44.7107211	44.6717022	58.3504692	58.3114503	
4.136228	44.7450982	44.7153354	58.3848463	58.3463569	
4.146476	44.7790318	44.7589687	58.4187799	58.3812635	
4.156584	44.8122979	44.8026019	58.452046	58.4248967	
4.166774	44.8456311	44.8462351	58.4853792	58.4598033	
4.177005	44.8788942	44.8811417	58.5186423	58.5034365	
4.187094	44.9115085	44.9247749	58.5512567	58.5383431	
4.197305	44.9442842	44.9509549	58.5840323	58.5732497	
4.207464	44.9767116	44.9945881	58.6164597	58.6168829	
4.21768	45.0090981	45.0207681	58.6488462	58.6517895	
4.227842	45.0411224	45.0556746	58.6808705	58.6954227	
4.238042	45.073048	45.0818546	58.7127961	58.7303293	
4.248216	45.1047002	45.1167612	58.7444483	58.7652359	
4.258473	45.1363925	45.1429411	58.7761406	58.8001425	
4.268619	45.1675548	45.169121	58.8073029	58.8263224	
4.278817	45.1986433	45.2040276	58.8383914	58.8525024	
4.297489	45.2547534	45.2302076	58.8945015	58.9048623	
4.303043	45.2714467	45.2651142	58.9111948	58.9135889	
4.312297	45.2990678	45.2825674	58.9388159	58.9397688	
4.322487	45.329277	45.3087474	58.9690251	58.9572221	
4.332704	45.3593393	45.343654	58.9990874	58.9746754	
4.34289	45.3891233	45.3611073	59.0288714	59.0008554	
4.35319	45.4190213	45.3872872	59.0587694	59.0183087	
4.36338	45.4484103	45.4134671	59.0881584	59.0444886	
4.373612	45.477699	45.4396471	59.1174471	59.0619419	
4.383779	45.5065954	45.465827	59.1463435	59.0881218	
4.394016	45.5354862	45.492007	59.1752343	59.1143018	
4.404598	45.5651345	45.5181869	59.2048826	59.1492084	
4.41432	45.5921871	45.5530935	59.2319353	59.1753883	
4.42451	45.6203408	45.5880001	59.2600889	59.2102949	
4.434835	45.6486394	45.6229066	59.2883875	59.2539281	
4.444922	45.6761007	45.6578132	59.3158488	59.2888347	
4.455417	45.7044484	45.6927198	59.3441965	59.3237413	
4.465335	45.731044	45.7276264	59.3707921	59.3586479	
4.475526	45.7581748	45.762533	59.3979229	59.3935544	
4.485723	45.7851113	45.7974396	59.4248594	59.428461	
4.49591	45.8118194	45.8236195	59.4515675	59.4633676	
4.50678	45.84007	45.8585261	59.4798181	59.4895476	
4.51637	45.864837	45.8759794	59.5045851	59.5157275	
4.526588	45.8910081	45.9021593	59.5307562	59.5419074	
4.536628	45.9165164	45.9283393	59.5562645	59.5680874	
4.546893	45.9424041	45.9457926	59.5821522	59.5855407	
4.557022	45.9677333	45.9719725	59.6074814	59.6117206	
4.567236	45.9930663	45.9894258	59.6328144	59.6379005	
4.577477	46.0182693	46.0156057	59.6580174	59.6553538	
4.587705	46.043232	46.0417857	59.6829801	59.6728071	
4.5978	46.0676707	46.0505123	59.7074188	59.6989871	
4.608855	46.0941824	46.0766923	59.7339305	59.7077137	
4.619043	46.118417	46.1028722	59.7581651	59.7338936	
4.629592	46.1432946	46.1115988	59.7830427	59.7426203	
4.639793	46.1671457	46.1377788	59.8068938	59.7688002	
4.649942	46.1906639	46.1552321	59.830412	59.7775269	
4.660137	46.2141067	46.181412	59.8538548	59.8037068	
4.670341	46.2373493	46.1988653	59.8770974	59.8211601	
4.680519	46.2603314	46.2163186	59.9000795	59.8473401	
4.690723	46.2831562	46.2512252	59.9229043	59.87352	
4.700872	46.3056715	46.2686785	59.9454196	59.9084266	
4.711071	46.3280861	46.2948584	59.9678342	59.9346065	
4.721323	46.3504187	46.3210383	59.9901668	59.9607865	
4.731515	46.3724064	46.3559449	60.0121545	59.995693	
4.741699	46.3941795	46.3821249	60.0339276	60.021873	
4.751936	46.4158554	46.4083048	60.0556035	60.0567796	
4.762082	46.4372799	46.4344847	60.077028	60.0829595	
4.77226	46.4582887	46.4606647	60.0980368	60.1091394	
4.782522	46.479403	46.4868446	60.1191511	60.1265927	
4.79262	46.4999813	46.5130246	60.1397294	60.1614993	
4.802899	46.5207272	46.5304779	60.1604753	60.1789526	
4.813023	46.540941	46.5653844	60.1806891	60.2051325	
4.823337	46.5613376	46.5915644	60.2010857	60.2313125	
4.833645	46.5815139	46.6090177	60.221262	60.2487658	
4.843633	46.6008696	46.6351976	60.2406177	60.2662191	
4.853842	46.6204451	46.6439243	60.2601932	60.2836724	
4.864074	46.6398648	46.6613776	60.2796129	60.3011257	
4.874285	46.6590424	46.6701042	60.2987905	60.3185789	
4.884488	46.67799	46.6875575	60.3177381	60.3360322	
4.903047	46.711644	46.6962841	60.3513921	60.3534855	
4.909006	46.7224466	46.7050108	60.3621947	60.3534855	
4.917791	46.7382104	46.7137374	60.3779585	60.3622122	
4.928034	46.7563606	46.7311907	60.3961087	60.3709388	
4.938207	46.7741886	46.7399174	60.4139367	60.3709388	
4.948375	46.7918023	46.7399174	60.4315504	60.3883921	
4.958622	46.8093553	46.7573707	60.4491034	60.3971188	
4.96876	46.8265133	46.774824	60.4662614	60.4058454	
4.978953	46.8435626	46.7922772	60.4833107	60.4320254	
4.989154	46.8604268	46.8097305	60.5001749	60.4494786	
4.99935	46.8770749	46.8359105	60.516823	60.4756586	
5.010283	46.8946869	46.8533638	60.534435	60.4931119	
5.019977	46.9101297	46.8795437	60.5498778	60.5192918	
5.030216	46.9262339	46.896997	60.565982	60.5454718	
5.040428	46.942094	46.9231769	60.5818421	60.5716517	
5.059035	46.9701562	46.9668102	60.6099043	60.6152849	
5.063759	46.977302	46.9755368	60.6170501	60.6152849	
5.073671	46.9920437	46.9929901	60.6317918	60.6414649	
5.083683	47.0067413	47.01917	60.6464894	60.6676448	
5.094077	47.0218016	47.04535	60.6615497	60.6850981	
5.103987	47.0359605	47.0628033	60.6757086	60.7025514	
5.114128	47.050257	47.0802566	60.6900051	60.7200047	
5.124213	47.0642705	47.0889832	60.7040186	60.7200047	
5.134366	47.0781776	47.1064365	60.7179257	60.737458	
5.144608	47.0920087	47.1238898	60.7317568	60.7461846	
5.155603	47.1066122	47.1238898	60.7463603	60.7549113	
5.164842	47.1187261	47.1238898	60.7584743	60.7549113	
5.174965	47.1317999	47.1326165	60.771548	60.7549113	
5.185144	47.1447395	47.1326165	60.7844876	60.7636379	
5.195189	47.157317	47.1326165	60.7970651	60.7723646	
5.205449	47.1699576	47.1326165	60.8097057	60.7810912	
5.215527	47.1821827	47.1326165	60.8219308	60.7810912	
5.225742	47.1943647	47.1413431	60.8341128	60.7898178	
5.235902	47.2062833	47.1500697	60.8460314	60.7898178	
5.245991	47.2179225	47.1587964	60.8576706	60.8072711	
5.264331	47.2382887	47.1762497	60.8780368	60.8247244	
5.268669	47.2431234	47.1849763	60.8828715	60.8247244	
5.278809	47.254181	47.2024296	60.8939291	60.8421777	
5.288997	47.2650895	47.2198829	60.9048376	60.859631	
5.299182	47.275796	47.2373362	60.9155441	60.8683577	
5.309335	47.2862689	47.2635161	60.926017	60.8945376	
5.319548	47.2966046	47.2809694	60.9363527	60.9032642	
5.329668	47.3066493	47.2984227	60.9463974	60.9294442	
5.339806	47.3165125	47.315876	60.9562606	60.9381708	
5.349921	47.3261592	47.3333293	60.9659073	60.9556241	
5.360126	47.3356958	47.3507826	60.9754439	60.9730774	
5.370469	47.3451514	47.3682359	60.9848995	60.9905307	
5.380394	47.3540352	47.3769625	60.9937833	60.9992574	
5.390545	47.3629267	47.3856892	61.0026748	61.0167106	
5.400653	47.3715883	47.3944158	61.0113364	61.0341639	
5.410803	47.3800848	47.4031425	61.0198329	61.0341639	
5.420971	47.3884016	47.4031425	61.0281497	61.0428906	
5.43108	47.3964739	47.3944158	61.036222	61.0516172	
5.441276	47.4044203	47.3944158	61.0441684	61.0516172	
5.451409	47.4121202	47.3944158	61.0518683	61.0516172	
5.461484	47.4195856	47.3944158	61.0593337	61.0516172	
5.471692	47.4269524	47.3944158	61.0667005	61.0516172	
5.481782	47.4340398	47.3944158	61.0737879	61.0516172	
5.494122	47.4424026	47.4031425	61.0821507	61.0516172	
5.502373	47.4478918	47.4031425	61.0876399	61.0516172	
5.512515	47.4544695	47.4031425	61.0942176	61.0516172	
5.522391	47.4606101	47.4205958	61.1003582	61.0516172	
5.532494	47.4667438	47.4293224	61.1064919	61.0516172	
5.542669	47.4727255	47.4380491	61.1124736	61.0603439	
5.552779	47.4784794	47.4555024	61.1182275	61.0690705	
5.562863	47.4840308	47.464229	61.1237789	61.0777972	
5.573058	47.4894464	47.4729557	61.1291945	61.0952505	
5.583119	47.4946084	47.4816823	61.1343565	61.1039771	
5.593354	47.4996602	47.4991356	61.1394083	61.1214304	
5.603487	47.5044756	47.5078622	61.1442237	61.1388837	
5.613845	47.5091971	47.5078622	61.1489452	61.1476103	
5.623802	47.5135591	47.5165889	61.1533072	61.1650636	
5.63389	47.5177914	47.5340422	61.1575395	61.1737903	
5.643994	47.5218415	47.5427688	61.1615896	61.1825169	
5.654098	47.5257094	47.5427688	61.1654575	61.1825169	
5.664243	47.5294073	47.5427688	61.1691554	61.1825169	
5.674366	47.5329115	47.5427688	61.1726596	61.1825169	
5.684536	47.5362496	47.5427688	61.1759977	61.1737903	
5.694716	47.5394058	47.5427688	61.1791539	61.1737903	
5.704755	47.5423415	47.5427688	61.1820896	61.1737903	
5.715202	47.5452026	47.5427688	61.1849507	61.1737903	
5.725084	47.5478109	47.5427688	61.187559	61.1737903	
5.735226	47.550174	47.5427688	61.1899221	61.1737903	
5.745373	47.5524293	47.5427688	61.1921774	61.1737903	
5.755437	47.5544967	47.5427688	61.1942448	61.1737903	
5.765601	47.5564135	47.5427688	61.1961616	61.1737903	
5.775764	47.5581605	47.5427688	61.1979086	61.1737903	
5.785849	47.5597321	47.5427688	61.1994802	61.1737903	
5.796041	47.5611563	47.5427688	61.2009044	61.1737903	
5.806117	47.56241	47.5427688	61.2021581	61.1737903	
5.816893	47.5635728	47.5427688	61.2033209	61.1737903	
5.827035	47.5682121	47.5427688	61.2079603	61.1737903	
5.837212	47.5682121	47.5427688	61.2079603	61.1737903	
5.847487	47.5682121	47.5427688	61.2079603	61.1737903	
5.857489	47.5682121	47.5427688	61.2079603	61.1737903	
5.867613	47.5682121	47.5427688	61.2079603	61.1737903	
5.877751	47.5682121	47.5427688	61.2079603	61.1737903	
5.887924	47.5682121	47.5427688	61.2079603	61.1737903	
5.898044	47.5682121	47.5427688	61.2079603	61.1737903	
5.908132	47.5682121	47.5427688	61.2079603	61.1737903	
5.918325	47.5682121	47.5427688	61.2079603	61.1737903	
5.928543	47.5682121	47.5427688	61.2079603	61.1737903	
5.938737	47.5682121	47.5427688	61.2079603	61.1737903	
5.948831	47.5682121	47.5427688	61.2079603	61.1737903	
5.958984	47.5682121	47.5427688	61.2079603	61.1737903	
5.969208	47.5682121	47.5427688	61.2079603	61.1737903	
5.979269	47.5682121	47.5427688	61.2079603	61.1737903	
5.98939	47.5682121	47.5427688	61.2079603	61.1737903	
5.999533	47.5682121	47.5427688	61.2079603	61.1737903	
6.009658	47.5682121	47.5427688	61.2079603	61.1737903	
6.019841	47.5682121	47.5427688	61.2079603	61.1737903	
6.030027	47.5682121	47.5427688	61.2079603	61.1737903	
6.040146	47.5682121	47.5427688	61.2079603	61.1737903	
6.050333	47.5682121	47.5427688	61.2079603	61.1737903	
6.060459	47.5682121	47.5427688	61.2079603	61.1737903	
6.070605	47.5682121	47.5427688	61.2079603	61.1737903	
6.080714	47.5682121	47.5427688	61.2079603	61.1737903	
6.090886	47.5682121	47.5427688	61.2079603	61.1737903	
6.100991	47.5682121	47.5427688	61.2079603	61.1737903	
6.111131	47.5682121	47.5427688	61.2079603	61.1737903	
6.1213	47.5682121	47.5427688	61.2079603	61.1737903	
6.131468	47.5682121	47.5427688	61.2079603	61.1737903	
6.141625	47.5682121	47.5427688	61.2079603	61.1737903	
6.151757	47.5682121	47.5427688	61.2079603	61.1737903	
6.161919	47.5682121	47.5427688	61.2079603	61.1737903	
6.171977	47.5682121	47.5427688	61.2079603	61.1737903	
6.182168	47.5682121	47.5427688	61.2079603	61.1737903	
6.192299	47.5682121	47.5427688	61.2079603	61.1737903	
6.202423	47.5682121	47.5427688	61.2079603	61.1737903	
6.212558	47.5682121	47.5427688	61.2079603	61.1737903	
6.222675	47.5682121	47.5427688	61.2079603	61.1737903	
6.233283	47.5682121	47.5427688	61.2079603	61.1737903	
6.243551	47.5682121	47.5427688	61.2079603	61.1737903	
6.253491	47.5682121	47.5427688	61.2079603	61.1737903	
6.263527	47.5682121	47.5427688	61.2079603	61.1737903	
6.273959	47.5682121	47.5427688	61.2079603	61.1737903	
6.283803	47.5682121	47.5427688	61.2079603	61.1737903	
6.293931	47.5682121	47.5427688	61.2079603	61.1737903	
6.304102	47.5682121	47.5427688	61.2079603	61.1737903	
6.314173	47.5682121	47.5427688	61.2079603	61.1737903	
6.324352	47.5682121	47.5427688	61.2079603	61.1737903	
6.345732	47.5682121	47.5427688	61.2079603	61.1737903	
6.350268	47.5682121	47.5427688	61.2079603	61.1737903	
6.360256	47.5682121	47.5427688	61.2079603	61.1737903	
6.370354	47.5682121	47.5427688	61.2079603	61.1737903	
6.380528	47.5682121	47.5427688	61.2079603	61.1737903	
6.390683	47.5682121	47.5427688	61.2079603	61.1737903	
6.400792	47.5682121	47.5427688	61.2079603	61.1737903	
6.410933	47.5682121	47.5427688	61.2079603	61.1737903	
6.421093	47.5682121	47.5427688	61.2079603	61.1737903	
6.433193	47.5682121	47.5427688	61.2079603	61.1737903	
6.441437	47.5682121	47.5427688	61.2079603	61.1737903	
6.451846	47.5682121	47.5427688	61.2079603	61.1737903	
6.461637	47.5682121	47.5427688	61.2079603	61.1737903	
6.471931	47.5682121	47.5427688	61.2079603	61.1737903	
6.481932	47.5682121	47.5427688	61.2079603	61.1737903	
6.492037	47.5682121	47.5427688	61.2079603	61.1737903	
6.5022	47.5682121	47.5427688	61.2079603	61.1737903	
6.512302	47.5682121	47.5427688	61.2079603	61.1737903	
6.522538	47.5682121	47.5427688	61.2079603	61.1737903	
6.532613	47.5682121	47.5427688	61.2079603	61.1737903	
6.542853	47.5682121	47.5427688	61.2079603	61.1737903	
6.552941	47.5682121	47.5427688	61.2079603	61.1737903	
6.563057	47.5682121	47.5427688	61.2079603	61.1737903	
6.573139	47.5682121	47.5427688	61.2079603	61.1737903	
6.583328	47.5682121	47.5427688	61.2079603	61.1737903	
6.593463	47.5682121	47.5427688	61.2079603	61.1737903	
6.603544	47.5682121	47.5427688	61.2079603	61.1737903	
6.613669	47.5682121	47.5427688	61.2079603	61.1737903	
6.623979	47.5682121	47.5427688	61.2079603	61.1737903	
6.633984	47.5682121	47.5427688	61.2079603	61.1737903	
6.644418	47.5682121	47.5427688	61.2079603	61.1737903	
6.654297	47.5682121	47.5427688	61.2079603	61.1737903	
6.664389	47.5682121	47.5427688	61.2079603	61.1737903	
6.682917	47.5682121	47.5427688	61.2079603	61.1737903	
6.687368	47.5682121	47.5427688	61.2079603	61.1737903	
6.697447	47.5682121	47.5427688	61.2079603	61.1737903	
6.707533	47.5682121	47.5427688	61.2079603	61.1737903	
6.717634	47.5682121	47.5427688	61.2079603	61.1737903	
6.727848	47.5682121	47.5427688	61.2079603	61.1737903	
6.73926	47.5682121	47.5427688	61.2079603	61.1737903	
6.748166	47.5682121	47.5427688	61.2079603	61.1737903	
6.758282	47.5682121	47.5427688	61.2079603	61.1737903	
6.768382	47.5682121	47.5427688	61.2079603	61.1737903	
6.7786	47.5682121	47.5427688	61.2079603	61.1737903	
6.788688	47.5682121	47.5427688	61.2079603	61.1737903	
6.798856	47.5682121	47.5427688	61.2079603	61.1737903	
6.808962	47.5682121	47.5427688	61.2079603	61.1737903	
6.819076	47.5682121	47.5427688	61.2079603	61.1737903	
6.829217	47.5682121	47.5427688	61.2079603	61.1737903	
6.841267	47.5682121	47.5427688	61.2079603	61.1737903	
6.849654	47.5682121	47.5427688	61.2079603	61.1737903	
6.860197	47.5682121	47.5427688	61.2079603	61.1737903	
6.870217	47.5682121	47.5427688	61.2079603	61.1737903	
6.88042	47.5682121	47.5427688	61.2079603	61.1737903	
6.890756	47.5682121	47.5427688	61.2079603	61.1737903	
6.90084	47.5682121	47.5427688	61.2079603	61.1737903	
6.910846	47.5682121	47.5427688	61.2079603	61.1737903	
6.920936	47.5682121	47.5427688	61.2079603	61.1737903	
6.931113	47.5682121	47.5427688	61.2079603	61.1737903	
6.943323	47.5682121	47.5427688	61.2079603	61.1737903	
6.951431	47.5682121	47.5427688	61.2079603	61.1737903	
6.969742	47.5682121	47.5427688	61.2079603	61.1737903	
6.974064	47.5682121	47.5427688	61.2079603	61.1737903	
6.984219	47.5682121	47.5427688	61.2079603	61.1737903	
6.994327	47.5682121	47.5427688	61.2079603	61.1737903	
7.004452	47.5682121	47.5427688	61.2079603	61.1737903	
7.014654	47.5682121	47.5427688	61.2079603	61.1737903	
7.024721	47.5682121	47.5427688	61.2079603	61.1737903	
7.035384	47.5682121	47.5427688	61.2079603	61.1737903	
7.046798	47.5682121	47.5427688	61.2079603	61.1737903	
7.055194	47.5682121	47.5427688	61.2079603	61.1737903	
7.065355	47.5682121	47.5427688	61.2079603	61.1737903	
7.075389	47.5682121	47.5427688	61.2079603	61.1737903	
7.085565	47.5682121	47.5427688	61.2079603	61.1737903	
7.095662	47.5682121	47.5427688	61.2079603	61.1737903	
7.105814	47.5682121	47.5427688	61.2079603	61.1737903	
7.115925	47.5682121	47.5427688	61.2079603	61.1737903	
7.133986	47.5682121	47.5427688	61.2079603	61.1737903	
7.138327	47.5682121	47.5427688	61.2079603	61.1737903	
7.14951	47.5682121	47.5427688	61.2079603	61.1737903	
7.158637	47.5682121	47.5427688	61.2079603	61.1737903	
7.168772	47.5682121	47.5427688	61.2079603	61.1737903	
7.178932	47.5682121	47.5427688	61.2079603	61.1737903	
7.189019	47.5682121	47.5427688	61.2079603	61.1737903	
7.199204	47.5682121	47.5427688	61.2079603	61.1737903	
7.209405	47.5682121	47.5427688	61.2079603	61.1737903	
7.219468	47.5682121	47.5427688	61.2079603	61.1737903	
7.229601	47.5682121	47.5427688	61.2079603	61.1737903	
7.239723	47.5682121	47.5427688	61.2079603	61.1737903	
7.251679	47.5682121	47.5427688	61.2079603	61.1737903	
7.268174	47.5682121	47.5427688	61.2079603	61.1737903	
7.272529	47.5682121	47.5427688	61.2079603	61.1737903	
7.282729	47.5682121	47.5427688	61.2079603	61.1737903	
7.29275	47.5682121	47.5427688	61.2079603	61.1737903	
7.302919	47.5682121	47.5427688	61.2079603	61.1737903	
7.313049	47.5682121	47.5427688	61.2079603	61.1737903	
7.323168	47.5682121	47.5427688	61.2079603	61.1737903	
7.333302	47.5682121	47.5427688	61.2079603	61.1737903	
7.344004	47.5682121	47.5427688	61.2079603	61.1737903	
7.355024	47.5682121	47.5427688	61.2079603	61.1737903	
7.365171	47.5682121	47.5427688	61.2079603	61.1737903	
7.375285	47.5682121	47.5427688	61.2079603	61.1737903	
7.394433	47.5682121	47.5427688	61.2079603	61.1737903	
7.404336	47.5682121	47.5427688	61.2079603	61.1737903	
7.41446	47.5682121	47.5427688	61.2079603	61.1737903	
7.424688	47.5682121	47.5427688	61.2079603	61.1737903	
7.434828	47.5682121	47.5427688	61.2079603	61.1737903	
7.445356	47.5682121	47.5427688	61.2079603	61.1737903	
7.457101	47.5682121	47.5427688	61.2079603	61.1737903	
7.467228	47.5682121	47.5427688	61.2079603	61.1737903	
7.477376	47.5682121	47.5427688	61.2079603	61.1737903	
7.487483	47.5682121	47.5427688	61.2079603	61.1737903	
7.507617	47.5682121	47.5427688	61.2079603	61.1737903	
7.511948	47.5682121	47.5427688	61.2079603	61.1737903	
7.522082	47.5682121	47.5427688	61.2079603	61.1737903	
7.532336	47.5682121	47.5427688	61.2079603	61.1737903	
7.542631	47.5682121	47.5427688	61.2079603	61.1737903	
7.552552	47.5682121	47.5427688	61.2079603	61.1737903	
7.562791	47.5682121	47.5427688	61.2079603	61.1737903	
7.572884	47.5682121	47.5427688	61.2079603	61.1737903	
7.582933	47.5682121	47.5427688	61.2079603	61.1737903	
7.593066	47.5682121	47.5427688	61.2079603	61.1737903	
7.60319	47.5682121	47.5427688	61.2079603	61.1737903	
7.613365	47.5682121	47.5427688	61.2079603	61.1737903	
7.623508	47.5682121	47.5427688	61.2079603	61.1737903	
7.633612	47.5682121	47.5427688	61.2079603	61.1737903	
7.643871	47.5682121	47.5427688	61.2079603	61.1737903	
7.653904	47.5682121	47.5427688	61.2079603	61.1737903	
7.664332	47.5682121	47.5427688	61.2079603	61.1737903	
7.674225	47.5682121	47.5427688	61.2079603	61.1737903	
7.684316	47.5682121	47.5427688	61.2079603	61.1737903	
7.694487	47.5682121	47.5427688	61.2079603	61.1737903	
7.712461	47.5682121	47.5427688	61.2079603	61.1737903	
7.716781	47.5682121	47.5427688	61.2079603	61.1737903	
7.726954	47.5682121	47.5427688	61.2079603	61.1737903	
7.737038	47.5682121	47.5427688	61.2079603	61.1737903	
7.747209	47.5682121	47.5427688	61.2079603	61.1737903	
7.758242	47.5682121	47.5427688	61.2079603	61.1737903	
7.76754	47.5682121	47.5427688	61.2079603	61.1737903	
7.777712	47.5682121	47.5427688	61.2079603	61.1737903	
7.78778	47.5682121	47.5427688	61.2079603	61.1737903	
7.797895	47.5682121	47.5427688	61.2079603	61.1737903	
7.808062	47.5682121	47.5427688	61.2079603	61.1737903	
7.818197	47.5682121	47.5427688	61.2079603	61.1737903	
7.828284	47.5682121	47.5427688	61.2079603	61.1737903	
7.838457	47.5682121	47.5427688	61.2079603	61.1737903	
7.848554	47.5682121	47.5427688	61.2079603	61.1737903	
7.860253	47.5682121	47.5427688	61.2079603	61.1737903	
7.868928	47.5682121	47.5427688	61.2079603	61.1737903	
7.879048	47.5682121	47.5427688	61.2079603	61.1737903	
7.889177	47.5682121	47.5427688	61.2079603	61.1737903	
7.899275	47.5682121	47.5427688	61.2079603	61.1737903	
7.909457	47.5682121	47.5427688	61.2079603	61.1737903	
7.919591	47.5682121	47.5427688	61.2079603	61.1737903	
7.929757	47.5682121	47.5427688	61.2079603	61.1737903	
7.939861	47.5682121	47.5427688	61.2079603	61.1737903	
7.949977	47.5682121	47.5427688	61.2079603	61.1737903	
7.960176	47.5682121	47.5427688	61.2079603	61.1737903	
7.970356	47.5682121	47.5427688	61.2079603	61.1737903	
7.980456	47.5682121	47.5427688	61.2079603	61.1737903	
7.990571	47.5682121	47.5427688	61.2079603	61.1737903	
8.000698	47.5682121	47.5427688	61.2079603	61.1737903	
8.010928	47.5682121	47.5427688	61.2079603	61.1737903	
8.021016	47.5682121	47.5427688	61.2079603	61.1737903	
8.03115	47.5682121	47.5427688	61.2079603	61.1737903	
8.041369	47.5682121	47.5427688	61.2079603	61.1737903	
8.051391	47.5682121	47.5427688	61.2079603	61.1737903	
8.070243	47.5682121	47.5427688	61.2079603	61.1737903	
8.082744	47.5682121	47.5427688	61.2079603	61.1737903	
8.0871	47.5682121	47.5427688	61.2079603	61.1737903	
8.097235	47.5682121	47.5427688	61.2079603	61.1737903	
8.107398	47.5682121	47.5427688	61.2079603	61.1737903	
8.117506	47.5682121	47.5427688	61.2079603	61.1737903	
8.127662	47.5682121	47.5427688	61.2079603	61.1737903	
8.137798	47.5682121	47.5427688	61.2079603	61.1737903	
8.147902	47.5682121	47.5427688	61.2079603	61.1737903	
8.158075	47.5682121	47.5427688	61.2079603	61.1737903	
8.170451	47.5682121	47.5427688	61.2079603	61.1737903	
8.178747	47.5682121	47.5427688	61.2079603	61.1737903	
8.188509	47.5682121	47.5427688	61.2079603	61.1825169	
8.198626	47.5682121	47.5514955	61.2079603	61.1825169	
8.208837	47.5682121	47.5514955	61.2079603	61.1825169	
8.218984	47.5682121	47.5514955	61.2079603	61.1912436	
8.229105	47.5682121	47.5602221	61.2079603	61.1912436	
8.239253	47.5682121	47.5602221	61.2079603	61.1999702	
8.249426	47.5682121	47.5689488	61.2079603	61.1999702	
8.259525	47.5682121	47.5689488	61.2079603	61.2086969	
