0.03441405	
0.03881293	
0.04897065	
0.05913137	
0.06925309	
0.07938981	
0.08946553	
0.09967725	
0.109775	
0.1199087	
0.1300264	
0.1401621	
0.1503878	
0.1603886	
0.1705623	
0.18063	
0.1912267	
0.2009225	
0.2111432	
0.2232208	
0.2312636	
0.2415443	
0.2515451	
0.2616378	
0.2717895	
0.2819052	
0.2920239	
0.3023157	
0.3122864	
0.3224411	
0.3325228	
0.3426765	
0.3527803	
0.362904	
0.3730787	
0.3831534	
0.3932781	
0.4034839	
0.4136276	
0.4236673	
0.433814	
0.4439647	
0.4540915	
0.4642712	
0.4744159	
0.4845446	
0.4946293	
0.5048151	
0.5149528	
0.5251155	
0.5352132	
0.5453079	
0.5555367	
0.5656584	
0.5757621	
0.5858988	
0.5961415	
0.6062303	
0.6163	
0.6264767	
0.6365824	
0.6466751	
0.6572399	
0.6670196	
0.6771173	
0.687258	
0.6973557	
0.7075715	
0.7176832	
0.7277959	
0.7379226	
0.7480363	
0.7582451	
0.7683618	
0.7785035	
0.7886252	
0.7987249	
0.8088497	
0.8189774	
0.8291481	
0.8404968	
0.8505685	
0.8606622	
0.870837	
0.8812567	
0.8909944	
0.9014041	
0.9112808	
0.9215316	
0.9316993	
0.941778	
0.9519037	
0.9621014	
0.9722652	
0.9831259	
0.9932086	
1.00335	
1.013496	
1.023664	
1.033747	
1.043902	
1.053987	
1.064165	
1.074295	
1.084452	
1.094583	
1.104727	
1.114864	
1.125058	
1.135151	
1.14527	
1.155373	
1.165569	
1.17567	
1.185822	
1.19596	
1.206107	
1.216257	
1.227185	
1.237278	
1.247375	
1.257499	
1.270604	47.6741844	47.6736685	61.2441194	61.2436035	
1.278013	47.674543	47.6736685	61.244478	61.2436035	
1.28798	47.6752499	47.6736685	61.2451849	61.2436035	
1.298038	47.6761663	47.6736685	61.2461012	61.2436035	
1.308223	47.6773035	47.6736685	61.2472384	61.2436035	
1.318378	47.6786429	47.6736685	61.2485779	61.2436035	
1.328493	47.6801815	47.6823952	61.2501164	61.2436035	
1.338628	47.6819287	47.6823952	61.2518636	61.2436035	
1.348764	47.6838815	47.6823952	61.2538165	61.2436035	
1.358895	47.6860389	47.6823952	61.2559738	61.2436035	
1.368993	47.6883921	47.6823952	61.258327	61.2436035	
1.3793	47.6910108	47.6823952	61.2609458	61.2523301	
1.389344	47.6937591	47.6823952	61.263694	61.2523301	
1.399443	47.6967287	47.6823952	61.2666637	61.2610567	
1.409571	47.6999107	47.6823952	61.2698456	61.2610567	
1.420005	47.7034379	47.6823952	61.2733728	61.2697834	
1.429801	47.7068823	47.6823952	61.2768172	61.2697834	
1.439956	47.7106915	47.6823952	61.2806264	61.27851	
1.450132	47.7147164	47.6823952	61.2846513	61.27851	
1.460226	47.7189109	47.6823952	61.2888459	61.27851	
1.470388	47.7233419	47.6823952	61.2932769	61.2872367	
1.480537	47.7279708	47.6998485	61.2979057	61.2872367	
1.490686	47.7328075	47.7085751	61.3027425	61.2959633	
1.500838	47.7378503	47.7173017	61.3077853	61.30469	
1.510915	47.7430592	47.7260284	61.3129942	61.30469	
1.52135	47.7486758	47.7434817	61.3186108	61.3134166	
1.53119	47.7541584	47.7522083	61.3240933	61.3134166	
1.54136	47.7600368	47.760935	61.3299717	61.3134166	
1.551433	47.766058	47.7696616	61.3359929	61.3134166	
1.561529	47.7722982	47.7783883	61.3422332	61.3134166	
1.571717	47.7788059	47.7871149	61.3487408	61.3221433	
1.581891	47.7855129	47.7871149	61.3554478	61.3308699	
1.59198	47.7923604	47.7958416	61.3622953	61.3308699	
1.610007	47.8053978	47.7958416	61.3753327	61.3483232	
1.614379	47.808536	47.8045682	61.378471	61.3483232	
1.624483	47.8160519	47.8045682	61.3859868	61.3483232	
1.634618	47.8238011	47.8132949	61.3937361	61.3657765	
1.644756	47.8317543	47.8132949	61.4016893	61.3745031	
1.654884	47.839908	47.8132949	61.409843	61.3832298	
1.664984	47.8482387	47.8220215	61.4181736	61.3919564	
1.676318	47.8578653	47.8220215	61.4278003	61.4006831	
1.695614	47.8751446	47.8394748	61.4450796	61.4181364	
1.699986	47.8790347	47.8482014	61.4489696	61.4181364	
1.710089	47.8882771	47.8569281	61.4582121	61.4355897	
1.72019	47.8977294	47.8656547	61.4676643	61.4443163	
1.73034	47.9074282	47.883108	61.4773631	61.453043	
1.740476	47.9173208	47.8918347	61.4872557	61.4704963	
1.75063	47.9274384	47.909288	61.4973733	61.4879495	
1.760785	47.9377643	47.9267413	61.5076992	61.4966762	
1.771231	47.9486095	47.9441946	61.5185444	61.5054028	
1.781139	47.9590842	47.9616478	61.5290191	61.5228561	
1.791409	47.9701551	47.9703745	61.54009	61.5403094	
1.801504	47.9812405	47.9965544	61.5511755	61.5490361	
1.811626	47.9925573	48.0052811	61.5624922	61.5664894	
1.821754	48.0040918	48.0227344	61.5740267	61.5839427	
1.831889	48.015835	48.031461	61.5857699	61.5926693	
1.842	48.027757	48.057641	61.5976919	61.6101226	
1.859986	48.0497544	48.0663676	61.6196893	61.6363025	
1.864261	48.0549593	48.0750942	61.6248942	61.6450292	
1.874408	48.0676251	48.0925475	61.63756	61.6624825	
1.884938	48.0809168	48.1012742	61.6508517	61.6712091	
1.89474	48.0934976	48.1187275	61.6634325	61.6886624	
1.904873	48.1067186	48.1274541	61.6766536	61.6973891	
1.914967	48.1200935	48.1361808	61.6900284	61.7061157	
1.925136	48.1337753	48.1449074	61.7037102	61.723569	
1.935255	48.1475927	48.1623607	61.7175277	61.7322956	
1.945359	48.1615951	48.1710874	61.73153	61.7410223	
1.955525	48.1758907	48.179814	61.7458256	61.7497489	
1.965629	48.1903012	48.1972673	61.7602361	61.7672022	
1.975805	48.2050251	48.2059939	61.7749601	61.7672022	
1.986011	48.2200042	48.2147206	61.7899391	61.7846555	
1.996176	48.2351279	48.2321739	61.8050628	61.8021088	
2.006282	48.2503552	48.2409005	61.8202902	61.8108355	
2.016379	48.265782	48.2583538	61.8357169	61.8282888	
2.026594	48.2816021	48.2758071	61.851537	61.8370154	
2.036702	48.2974534	48.2845338	61.8673883	61.8544687	
2.046826	48.3135365	48.301987	61.8834715	61.871922	
2.056962	48.3298492	48.3107137	61.8997841	61.8893753	
2.067064	48.346306	48.3368936	61.9162409	61.9068286	
2.07729	48.3631769	48.3456203	61.9331118	61.9242819	
2.087425	48.3801141	48.3718002	61.950049	61.9417352	
2.097592	48.3972914	48.3892535	61.9672263	61.9591884	
2.107745	48.4146578	48.4154335	61.9845928	61.9766417	
2.117852	48.4321512	48.4328867	62.0020861	61.994095	
2.127949	48.4498309	48.45034	62.0197659	62.0115483	
2.138127	48.4678588	48.4677933	62.0377937	62.0377283	
2.148271	48.4860354	48.4852466	62.0559704	62.0639082	
2.158441	48.504464	48.5114266	62.0743989	62.0813615	
2.168615	48.5231106	48.5288799	62.0930456	62.1075414	
2.178644	48.5416819	48.5550598	62.1116168	62.1249947	
2.188908	48.5609148	48.5725131	62.1308497	62.1511747	
2.198998	48.5800142	48.5899664	62.1499491	62.1599013	
2.209107	48.5993482	48.6161463	62.1692831	62.1860812	
2.219255	48.6189749	48.6335996	62.1889098	62.2035345	
2.229866	48.640053	48.6597795	62.2099879	62.2209878	
2.239808	48.6593646	48.6685062	62.2292996	62.2384411	
2.249946	48.6795883	48.6946861	62.2495233	62.2558944	
2.260067	48.6999807	48.7034128	62.2699156	62.2733477	
2.270323	48.7208692	48.7295927	62.2908042	62.290801	
2.280316	48.7414112	48.747046	62.3113461	62.3082543	
2.290845	48.7632866	48.7644993	62.3332215	62.3257076	
2.300682	48.7838986	48.7906792	62.3538335	62.3518875	
2.310838	48.8053908	48.8081325	62.3753257	62.3780675	
2.320915	48.8269222	48.8343125	62.3968572	62.3955208	
2.331352	48.8494555	48.8430391	62.4193904	62.4129741	
2.341223	48.8709413	48.8692191	62.4408762	62.4304273	
2.351328	48.8931541	48.8866723	62.463089	62.4566073	
2.36146	48.915632	48.9128523	62.4855669	62.4827872	
2.371771	48.9387123	48.9390322	62.5086473	62.5002405	
2.381698	48.9611376	48.9564855	62.5310726	62.5264205	
2.391904	48.9843951	48.9826655	62.55433	62.5438737	
2.402296	49.0082989	49.0088454	62.5782339	62.5700537	
2.42003	49.0498439	49.0350253	62.6197788	62.6049603	
2.424533	49.0603698	49.0612053	62.6303047	62.6224136	
2.434528	49.0839937	49.0786586	62.6539287	62.6398669	
2.444644	49.1081144	49.1135652	62.6780493	62.6660468	
2.454785	49.132503	49.1222918	62.702438	62.6922267	
2.464917	49.1570679	49.1484717	62.7270028	62.70968	
2.475221	49.1822763	49.1746517	62.7522112	62.7445866	
2.485217	49.2069233	49.2008316	62.7768582	62.7707665	
2.495375	49.2321702	49.2182849	62.8021051	62.7969465	
2.50569	49.2580293	49.2531915	62.8279643	62.8143998	
2.515694	49.2832983	49.2793714	62.8532332	62.8493064	
2.525753	49.3089142	49.3055514	62.8788492	62.8667597	
2.535929	49.3350338	49.3317313	62.9049687	62.8929396	
2.546058	49.3612426	49.3579112	62.9311775	62.9191195	
2.556203	49.3876962	49.3928178	62.9576312	62.9540261	
2.56635	49.4143637	49.4189978	62.9842986	62.9802061	
2.576576	49.441446	49.4364511	63.011381	63.0151126	
2.586656	49.4683408	49.462631	63.0382757	63.0412926	
2.59684	49.4957487	49.4975376	63.0656836	63.0674725	
2.606958	49.5231424	49.5324442	63.0930774	63.1023791	
2.61706	49.5507021	49.5586241	63.120637	63.128559	
2.627164	49.5784851	49.5935307	63.14842	63.1634656	
2.637355	49.6067216	49.6197106	63.1766565	63.1983722	
2.647456	49.6348895	49.6371639	63.2048244	63.2245522	
2.65759	49.6633692	49.6720705	63.2333041	63.2507321	
2.667764	49.6921745	49.6982505	63.2621094	63.276912	
2.67784	49.7208958	49.7244304	63.2908307	63.303092	
2.687996	49.750061	49.7418837	63.3199959	63.3379986	
2.69821	49.779602	49.7767903	63.349537	63.3641785	
2.70832	49.809034	49.8029702	63.378969	63.3903584	
2.71854	49.8389992	49.8378768	63.4089341	63.4165384	
2.728646	49.8688362	49.8640567	63.4387711	63.4427183	
2.738715	49.8987663	49.8902367	63.4687012	63.4776249	
2.748906	49.929274	49.9164166	63.499209	63.5038048	
2.759023	49.9597491	49.9513232	63.5296841	63.5387114	
2.769155	49.990484	49.9862298	63.5604189	63.5648914	
2.779284	50.0214149	50.0211364	63.5913498	63.5997979	
2.789436	50.0526286	50.0560429	63.6225635	63.6259779	
2.799678	50.0843454	50.0822229	63.6542803	63.6521578	
2.809772	50.1157753	50.1084028	63.6857102	63.6870644	
2.819905	50.1475323	50.1345828	63.7174672	63.721971	
2.829984	50.1793225	50.1694893	63.7492574	63.7568776	
2.840134	50.2115722	50.1956693	63.7815071	63.7830575	
2.850242	50.2438637	50.2305759	63.8137986	63.8179641	
2.860424	50.2766029	50.2654825	63.8465378	63.8528707	
2.870599	50.3095265	50.300389	63.8794614	63.8790506	
2.880665	50.3423086	50.3352956	63.9122436	63.9139572	
2.89121	50.3768847	50.3702022	63.9468196	63.9488638	
2.901199	50.4098257	50.4051088	63.9797606	63.9837704	
2.911115	50.4427085	50.4400154	64.0126435	64.018677	
2.921233	50.4764816	50.474922	64.0464165	64.0535835	
2.931318	50.5103442	50.5098286	64.0802792	64.0884901	
2.941494	50.5447239	50.5447351	64.1146588	64.1233967	
2.951602	50.5790707	50.5796417	64.1490056	64.1583033	
2.961735	50.6137045	50.6145483	64.1836394	64.1844832	
2.971911	50.6487032	50.6494549	64.2186382	64.2193898	
2.98198	50.6835287	50.6843615	64.2534637	64.2455698	
3.00078	50.749458	50.7105414	64.3193929	64.3153829	
3.005239	50.7650537	50.7541746	64.3349887	64.3328362	
3.015273	50.8004188	50.7890812	64.3703538	64.3677428	
3.025409	50.8363571	50.8239878	64.406292	64.4026494	
3.035527	50.8724504	50.8588944	64.4423854	64.437556	
3.045715	50.9089765	50.893801	64.4789114	64.4724626	
3.05583	50.9454518	50.9287076	64.5153867	64.5073692	
3.065966	50.982223	50.9636142	64.5521579	64.5510024	
3.076108	51.0192145	51.0072474	64.5891494	64.585909	
3.086211	51.0562601	51.0508806	64.626195	64.6295422	
3.097166	51.0967318	51.0945139	64.6666668	64.6644488	
3.106586	51.1316239	51.1294204	64.7015589	64.6906287	
3.116725	51.1702139	51.1730537	64.7401488	64.7255353	
3.126855	51.2073965	51.2079603	64.7773314	64.7604419	
3.136931	51.2453685	51.2428668	64.8153034	64.7953485	
3.147137	51.284063	51.2777734	64.8539979	64.8389817	
3.157272	51.3226626	51.3214067	64.8925976	64.8738883	
3.167397	51.3614367	51.3650399	64.9313716	64.9087949	
3.177487	51.4002799	51.3999465	64.9702149	64.9524281	
3.187834	51.440345	51.4523063	65.0102799	64.9960613	
3.199175	51.484554	51.4872129	65.0544889	65.0484212	
3.20814	51.5195859	51.5221195	65.0895209	65.0833278	
3.227382	51.5957733	51.5744794	65.1657083	65.1705943	
3.231733	51.6129483	51.6268393	65.1828832	65.1880476	
3.241842	51.653178	51.6704725	65.2231129	65.2316808	
3.251973	51.6936887	51.7053791	65.2636236	65.275314	
3.262176	51.7347083	51.731559	65.3046432	65.3102206	
3.272247	51.7753746	51.7664656	65.3453095	65.3538538	
3.282352	51.8164071	51.8013722	65.3863421	65.3974871	
3.292801	51.8590665	51.8362788	65.4290015	65.4323937	
3.304146	51.9056296	51.879912	65.4755646	65.4760269	
3.312768	51.9411244	51.9235452	65.5110593	65.5109335	
3.323067	51.9837978	51.9759051	65.5537328	65.5545667	
3.333255	52.0261764	52.0195384	65.5961113	65.5981999	
3.343277	52.0680841	52.0718982	65.6380191	65.6331065	
3.353443	52.1108191	52.1155315	65.680754	65.6767398	
3.363666	52.1539949	52.1591647	65.7239298	65.7116463	
3.373727	52.196649	52.2115246	65.766584	65.7552796	
3.383851	52.2398102	52.2551578	65.8097451	65.7989128	
3.393949	52.2830685	52.298791	65.8530034	65.8512727	
3.405506	52.3328728	52.3424243	65.9028077	65.8949059	
3.414353	52.3710885	52.3860575	65.9410234	65.9385391	
3.42443	52.414858	52.4296907	65.9847929	65.9821724	
3.434639	52.4594194	52.473324	66.0293543	66.0258056	
3.44471	52.5035668	52.5256838	66.0735017	66.0781655	
3.454884	52.5483871	52.5693171	66.118322	66.1305254	
3.465013	52.5932184	52.6129503	66.1631533	66.1741586	
3.475172	52.6383803	52.6653102	66.2083152	66.2177918	
3.48534	52.6837801	52.7089434	66.253715	66.2701517	
3.495388	52.7282495	52.7525766	66.2981844	66.3050583	
3.506691	52.7781884	52.7962099	66.3481233	66.3574182	
3.515781	52.8178915	52.8398431	66.3878264	66.4010514	
3.525874	52.8619258	52.8834763	66.4318607	66.4446846	
3.536016	52.9059993	52.9271096	66.4759342	66.4883179	
3.546117	52.9496835	52.9707428	66.5196184	66.5319511	
3.556296	52.9934982	53.0231027	66.5634331	66.584311	
3.566424	53.0368899	53.0580093	66.6068248	66.6192175	
3.576548	53.0800564	53.1016425	66.6499913	66.6715774	
3.586687	53.1230865	53.1452757	66.6930215	66.7152107	
3.596812	53.1658494	53.1801823	66.7357843	66.7588439	
3.60877	53.2160819	53.2238155	66.7860169	66.8024771	
3.61714	53.2511164	53.2674488	66.8210513	66.8373837	
3.62726	53.2932206	53.3023554	66.8631556	66.8810169	
3.637461	53.3354958	53.3459886	66.9054308	66.9159235	
3.647492	53.3768437	53.3983485	66.9467787	66.9682834	
3.657686	53.4186719	53.4419817	66.9886068	67.00319	
3.667876	53.4602691	53.4768883	67.0302041	67.0468232	
3.677917	53.5010632	53.5117949	67.0709982	67.0817298	
3.697328	53.5790075	53.5903347	67.1489424	67.1602696	
3.701666	53.5964475	53.607788	67.1663825	67.1777229	
3.712101	53.6381452	53.6514212	67.2080801	67.2126295	
3.72224	53.6784314	53.6863278	67.2483663	67.2475361	
3.73246	53.7188431	53.7212344	67.288778	67.2824427	
3.7424	53.7579423	53.756141	67.3278773	67.3173492	
3.752821	53.7987408	53.7910475	67.3686757	67.3522558	
3.762694	53.8371791	53.8259541	67.407114	67.3871624	
3.772803	53.8763351	53.8695874	67.44627	67.422069	
3.783031	53.9157661	53.9044939	67.4857011	67.4744289	
3.79303	53.9540916	53.9481272	67.5240265	67.5093355	
3.803186	53.9928315	53.9830338	67.5627665	67.5529687	
3.813408	54.0316074	54.026667	67.6015423	67.5966019	
3.82357	54.0699549	54.0615736	67.6398898	67.6315085	
3.833905	54.1087487	54.1052068	67.6786836	67.6664151	
3.843785	54.145616	54.1401134	67.7155509	67.7013217	
3.854202	54.1842894	54.17502	67.7542243	67.7362283	
3.864233	54.2213265	54.2186532	67.7912615	67.7798615	
3.874332	54.2584116	54.2535598	67.8283466	67.8234947	
3.884509	54.2955805	54.2884664	67.8655154	67.867128	
3.894677	54.3325113	54.3320996	67.9024462	67.9020345	
3.904958	54.3696559	54.3757328	67.9395908	67.9456678	
3.914964	54.4055933	54.4193661	67.9755283	67.9805744	
3.92508	54.4417111	54.4542727	68.011646	68.015481	
3.93526	54.477883	54.4891792	68.0478179	68.0591142	
3.945351	54.5135093	54.5240858	68.0834443	68.0940208	
3.955465	54.5490208	54.5589924	68.1189557	68.1289274	
3.965654	54.5845958	54.593899	68.1545308	68.1638339	
3.975761	54.6196827	54.6288056	68.1896176	68.1987405	
3.985915	54.6547139	54.6637122	68.2246489	68.2336471	
3.996055	54.6895033	54.6986188	68.2594383	68.2772803	
4.006165	54.7239907	54.7335253	68.2939257	68.3034603	
4.016384	54.7586517	54.7684319	68.3285866	68.3383669	
4.02655	54.7929016	54.8033385	68.3628365	68.3732734	
4.036666	54.8267907	54.8382451	68.3967256	68.40818	
4.046851	54.8607111	54.8731517	68.4306461	68.43436	
4.056941	54.8941011	54.8993316	68.4640361	68.4692666	
4.067119	54.9275958	54.9255116	68.4975307	68.5041731	
4.077321	54.960953	54.9604181	68.5308879	68.5303531	
4.087373	54.9936177	54.9865981	68.5635526	68.5652597	
4.097509	55.026354	55.0215047	68.596289	68.5914396	
4.107614	55.0587882	55.0476846	68.6287231	68.6176195	
4.11786	55.091478	55.0825912	68.661413	68.6437995	
4.127989	55.1235736	55.1174978	68.6935085	68.6787061	
4.13811	55.1554409	55.1524044	68.7253758	68.7136127	
4.148277	55.1872696	55.1873109	68.7572045	68.7485192	
4.158397	55.21873	55.2134909	68.7886649	68.7746992	
4.168571	55.2501466	55.2483975	68.8200816	68.8096058	
4.178647	55.2811608	55.2833041	68.8510957	68.8445123	
4.188821	55.3120874	55.309484	68.8820223	68.8794189	
4.198945	55.3427531	55.3443906	68.912688	68.9143255	
4.20904	55.3731235	55.3705705	68.9430584	68.9405055	
4.219965	55.4057576	55.4054771	68.9756925	68.975412	
4.232119	55.4417573	55.431657	69.0116923	69.0103186	
4.240083	55.4652286	55.4665636	69.0351635	69.0277719	
4.250248	55.4949853	55.5014702	69.0649202	69.0626785	
4.260364	55.5244021	55.5276502	69.0943371	69.0975851	
4.27055	55.5537963	55.5538301	69.1237312	69.123765	
4.280657	55.5827725	55.58001	69.1527074	69.149945	
4.29085	55.6117944	55.6149166	69.1817293	69.1848515	
4.300915	55.640247	55.6410966	69.2101819	69.2110315	
4.311276	55.6693209	55.6760031	69.2392559	69.2372114	
4.321923	55.6989729	55.7021831	69.2689078	69.272118	
4.332126	55.7271814	55.728363	69.2971164	69.298298	
4.342244	55.7549479	55.754543	69.3248828	69.3244779	
4.352321	55.7824123	55.7807229	69.3523472	69.3506578	
4.362763	55.8106519	55.8156295	69.3805868	69.3768378	
4.372574	55.8369983	55.8418094	69.4069332	69.4117444	
4.382764	55.864148	55.8592627	69.434083	69.4291976	
4.392781	55.8906402	55.8854426	69.4605751	69.4553776	
4.402973	55.9174193	55.9116226	69.4873543	69.4815575	
4.4131	55.9437919	55.9378025	69.5137269	69.5164641	
4.424038	55.9720321	55.9639825	69.541967	69.542644	
4.434209	55.99811	55.9901624	69.568045	69.568824	
4.444319	56.0238151	56.0163423	69.59375	69.5950039	
4.454473	56.0494355	56.0425223	69.6193705	69.6211839	
4.464622	56.0748374	56.0687022	69.6447724	69.6560904	
4.474786	56.1000752	56.0948822	69.6700101	69.6735437	
4.484908	56.1250068	56.1210621	69.6949417	69.6997237	
4.495033	56.1497385	56.147242	69.7196734	69.7259036	
4.505128	56.1742008	56.173422	69.7441358	69.7608102	
4.515312	56.1986851	56.1996019	69.76862	69.7869901	
4.526042	56.224234	56.2345085	69.794169	69.8131701	
4.536185	56.2481904	56.2519618	69.8181253	69.8306234	
4.546313	56.2719091	56.2781417	69.841844	69.86553	
4.556456	56.2954552	56.3043217	69.8653901	69.8829832	
4.566598	56.3188007	56.321775	69.8887357	69.9004365	
4.576732	56.3419231	56.3392283	69.9118581	69.9266165	
4.586905	56.3649368	56.3566815	69.9348717	69.9440698	
4.597011	56.3875937	56.3741348	69.9575286	69.9702497	
4.607136	56.4100843	56.4003148	69.9800193	69.987703	
4.617244	56.432347	56.4177681	70.0022819	70.0051563	
4.627474	56.4546728	56.443948	70.0246078	70.0226096	
4.637678	56.4767263	56.4526747	70.0466612	70.0400629	
4.647747	56.4982897	56.4788546	70.0682246	70.0575162	
4.657909	56.5198563	56.4963079	70.0897913	70.0749695	
4.668039	56.541147	56.5137612	70.1110819	70.1011494	
4.678148	56.5621926	56.5399411	70.1321275	70.1186027	
4.688308	56.5831427	56.5573944	70.1530777	70.1447826	
4.698433	56.6038213	56.5835743	70.1737562	70.1622359	
4.708565	56.62431	56.6010276	70.1942449	70.1796892	
4.718737	56.6446756	56.6184809	70.2146105	70.2058692	
4.729254	56.6655147	56.6446609	70.2354496	70.2233225	
4.739399	56.6854142	56.6621142	70.2553491	70.2495024	
4.749564	56.7051477	56.6882941	70.2750826	70.2669557	
4.759692	56.724608	56.6970208	70.294543	70.284409	
4.770002	56.7443945	56.7232007	70.3143294	70.3018623	
4.78001	56.7630405	56.740654	70.3329755	70.3193156	
4.790096	56.7818273	56.7581073	70.3517622	70.3367689	
4.8002	56.800434	56.7930139	70.370369	70.3542221	
4.810329	56.8188906	56.8104672	70.3888255	70.3716754	
4.820427	56.8370944	56.8279204	70.4070293	70.3891287	
4.831344	56.8565315	56.8541004	70.4264664	70.4153087	
4.841491	56.8743965	56.8715537	70.4443314	70.4414886	
4.85159	56.8919827	56.8977336	70.4619176	70.4589419	
4.861763	56.9094871	56.9064603	70.4794221	70.4851218	
4.871876	56.9266986	56.9326402	70.4966335	70.4938485	
4.881995	56.9437111	56.9413668	70.513646	70.5200284	
4.892181	56.960634	56.9675468	70.530569	70.5287551	
4.902253	56.97717	56.9762734	70.5471049	70.554935	
4.912426	56.9936729	57.0024534	70.5636078	70.5636617	
4.922821	57.0103204	57.01118	70.5802553	70.5898416	
4.932716	57.0259804	57.03736	70.5959153	70.5985682	
4.942881	57.0418581	57.0460866	70.6117931	70.6247482	
4.952993	57.0574598	57.0722665	70.6273947	70.6334748	
4.963083	57.0728241	57.0809932	70.642759	70.6509281	
4.973296	57.0881691	57.0984465	70.658104	70.6683814	
4.98336	57.1030997	57.1071731	70.6730346	70.6858347	
4.99353	57.1179757	57.1333531	70.6879107	70.6945614	
5.003659	57.1325991	57.1508064	70.702534	70.7120146	
5.013723	57.1469274	57.1769863	70.7168623	70.7294679	
5.024145	57.1615568	57.1857129	70.7314917	70.7381946	
5.034309	57.1756238	57.2031662	70.7455587	70.7556479	
5.044482	57.189496	57.2118929	70.7594309	70.7731012	
5.054602	57.2030982	57.2206195	70.7730332	70.7905545	
5.06473	57.2165179	57.2380728	70.7864528	70.7992811	
5.074927	57.2298141	57.2467995	70.7997491	70.8080078	
5.085033	57.2428015	57.2467995	70.8127365	70.825461	
5.095175	57.2556335	57.2555261	70.8255684	70.8341877	
5.1053	57.2682436	57.2642528	70.8381785	70.8429143	
5.115436	57.2806701	57.2729794	70.850605	70.8429143	
5.125633	57.2929699	57.2817061	70.8629049	70.8603676	
5.135805	57.305039	57.2817061	70.8749739	70.8603676	
5.145959	57.316881	57.2904327	70.8868159	70.8778209	
5.156072	57.3284785	57.307886	70.8984135	70.8778209	
5.166341	57.3400558	57.3166126	70.9099907	70.8865476	
5.176296	57.3510804	57.3340659	70.9210153	70.8952742	
5.186458	57.36214	57.3515192	70.932075	70.9127275	
5.1966	57.372977	57.3602459	70.942912	70.9127275	
5.2068	57.3836743	57.3689725	70.9536092	70.9301808	
5.216983	57.3941536	57.3864258	70.9640886	70.9389074	
5.22698	57.4042514	57.3864258	70.9741864	70.9476341	
5.23811	57.4152453	57.3951525	70.9851802	70.9650874	
5.248225	57.4250439	57.4126057	70.9949788	70.9825407	
5.258336	57.4346409	57.4213324	71.0045759	70.9912673	
5.268696	57.4442728	57.430059	71.0142077	70.999994	
5.27857	57.4532621	57.4475123	71.023197	71.0174473	
5.288745	57.4623274	57.456239	71.0322624	71.0174473	
5.298875	57.4711554	57.4736923	71.0410903	71.0349006	
5.309014	57.4797966	57.4911456	71.0497315	71.0523538	
5.319145	57.4882336	57.4998722	71.0581686	71.0523538	
5.32924	57.496443	57.5085989	71.0663779	71.0698071	
5.340217	57.505135	57.5173255	71.07507	71.0785338	
5.35033	57.512954	57.5260521	71.082889	71.0872604	
5.360419	57.5205586	57.5260521	71.0904935	71.0959871	
5.37057	57.5280183	57.5347788	71.0979532	71.1047137	
5.380664	57.5352415	57.5435054	71.1051765	71.1134404	
5.390879	57.5423474	57.5522321	71.1122823	71.122167	
5.400934	57.5491554	57.5609587	71.1190903	71.122167	
5.411078	57.5558287	57.5609587	71.1257636	71.1308937	
5.421191	57.5622875	57.5609587	71.1322225	71.1396203	
5.431496	57.5686688	57.5696854	71.1386037	71.1396203	
5.442194	57.5750723	57.578412	71.1450072	71.148347	
5.452308	57.5809409	57.5871387	71.1508758	71.148347	
5.462367	57.586587	57.5958653	71.1565219	71.1570736	
5.472454	57.5920579	57.5958653	71.1619928	71.1570736	
5.4829	57.5975202	57.5958653	71.1674551	71.1570736	
5.492741	57.6024897	57.604592	71.1724246	71.1570736	
5.50293	57.6074396	57.604592	71.1773745	71.1658003	
5.513084	57.612183	57.604592	71.182118	71.1745269	
5.523149	57.6166956	57.6133186	71.1866305	71.1745269	
5.533334	57.6210733	57.6220453	71.1910082	71.1832535	
5.543482	57.6252462	57.6220453	71.1951811	71.1832535	
5.553698	57.6292566	57.6220453	71.1991915	71.1919802	
5.563744	57.6330173	57.6307719	71.2029523	71.1919802	
5.57386	57.6366199	57.6307719	71.2065549	71.1919802	
5.584171	57.6400998	57.6307719	71.2100347	71.1919802	
5.594294	57.6433335	57.6307719	71.2132684	71.1919802	
5.604449	57.6463956	57.6307719	71.2163305	71.2007068	
5.614587	57.6492706	57.6307719	71.2192055	71.2007068	
5.624687	57.6519576	57.6307719	71.2218925	71.2094335	
5.634877	57.6544878	57.6307719	71.2244227	71.2094335	
5.64506	57.656839	57.6307719	71.2267739	71.2181601	
5.655201	57.6590046	57.6307719	71.2289395	71.2181601	
5.66535	57.6610005	57.6307719	71.2309355	71.2181601	
5.675449	57.6628187	57.6307719	71.2327537	71.2181601	
5.696168	57.6656693	57.6394985	71.2356042	71.2181601	
5.700523	57.6662992	57.6394985	71.2362341	71.2181601	
5.710661	57.6675706	57.6569518	71.2375056	71.2181601	
5.720814	57.6686963	57.6656785	71.2386312	71.2181601	
5.730915	57.6736685	57.6656785	71.2436035	71.2181601	
5.742579	57.6736685	57.6744051	71.2436035	71.2181601	
5.751223	57.6736685	57.6744051	71.2436035	71.2268868	
5.761324	57.6736685	57.6831318	71.2436035	71.2268868	
5.771428	57.6736685	57.6831318	71.2436035	71.2268868	
5.789795	57.6736685	57.6744051	71.2436035	71.2356134	
5.794422	57.6736685	57.6744051	71.2436035	71.2356134	
5.804559	57.6736685	57.6744051	71.2436035	71.2268868	
5.814691	57.6736685	57.6744051	71.2436035	71.2268868	
5.824844	57.6736685	57.6744051	71.2436035	71.2268868	
5.834939	57.6736685	57.6744051	71.2436035	71.2268868	
