29
29
29
29
29
29
29
29
29
29
29
29
29
28
28
28
28
28
28
29
29
29
29
28
28
28
28
28
28
28
27
27
27
27
27
27
27
26
26
26
26
26
26
26
25
25
25
25
25
25
25
25
25
25
24
24
24
24
24
24
24
24
24
24
24
24
24
24
24
24
24
24
24
24
24
24
24
24
24
24
24
24
24
24
24
24
24
24
25
25
25
25
25
25
26
26
26
26
26
26
26
25
25
25
26
26
26
27
27
27
29
29
29
29
29
29
29
29
29
29
29
29
29
29
29
29
29
29
29
29
29
29
29
28
28
28
28
28
28
28
28
28
28
28
28
28
27
27
27
27
27
27
27
27
27
27
26
26
26
26
26
26
27
27
27
27
28
28
28
28
28
28
28
28
28
29
29
29
29
29
29
29
29
29
29
30
30
30
31
31
31
31
31
31
31
33
33
33
56
56
56
56
56
56
56
55
55
55
55
55
55
54
54
54
54
54
54
54
53
53
53
53
53
53
53
53
53
53
53
53
53
53
53
53
53
53
53
53
53
53
53
53
53
53
54
54
54
54
54
54
54
54
54
54
55
55
55
22
22
22
56
56
56
56
56
56
56
255
255
255
255
255
255
255
255
255
255
255
255
255
255
255
255
255
255
255
255
255
255
255
255
255
255
255
255
255
255
255
255
255
178
178
178
177
177
177
177
177
177
177
177
177
177
177
177
177
177
177
177
177
180
180
180
255
255
255
255
255
255
255
255
255
255
255
255
255
255
255
255
255
255
255
255
255
255
255
255
255
255
255
255
255
255
255
255
255
255
255
255
255
