137
137
137
255
255
255
137
137
137
137
137
137
137
137
137
137
137
137
137
137
137
137
137
137
137
137
138
138
138
139
139
139
149
149
149
149
148
148
148
147
147
147
147
147
147
148
148
148
148
148
148
148
148
148
148
255
255
255
255
255
255
255
255
255
255
57
57
57
55
55
55
55
53
53
53
52
52
52
52
52
52
51
51
51
51
51
51
51
51
51
51
51
51
51
51
50
50
50
50
50
50
50
50
50
50
50
50
50
50
50
50
50
50
50
50
50
50
50
50
50
50
50
50
50
51
51
51
51
51
51
51
52
52
52
52
53
53
53
54
54
54
54
89
89
89
89
89
89
89
89
89
89
88
88
88
88
88
88
73
73
73
72
72
72
72
72
72
72
72
72
72
71
71
71
71
71
71
71
70
70
70
70
70
70
70
70
70
70
70
70
70
70
70
70
70
70
70
70
71
71
71
71
71
71
71
71
71
71
71
73
73
73
73
74
74
74
74
75
75
75
77
77
77
78
78
78
78
78
78
78
77
77
77
78
78
78
80
80
80
159
159
159
158
158
158
158
157
157
157
157
157
157
157
157
157
157
22
22
22
156
156
156
156
156
156
156
156
156
156
156
156
156
157
157
157
255
255
255
255
255
255
255
255
255
255
255
255
255
255
255
255
255
178
178
178
178
255
255
255
179
179
179
255
255
255
180
180
180
180
255
255
255
179
179
179
255
255
255
255
255
255
255
255
255
255
255
255
255
139
139
139
138
138
138
138
137
137
137
137
137
137
138
138
138
138
138
138
138
138
138
138
138
138
138
137
137
137
137
137
137
