178
178
61
61
61
178
178
178
178
178
178
178
178
178
178
178
178
178
178
178
178
178
178
178
178
178
178
178
181
181
181
183
183
183
184
184
184
184
185
185
185
184
184
184
183
183
183
182
182
182
182
184
184
184
184
184
184
185
185
185
187
187
187
187
57
57
57
55
55
55
53
53
53
53
53
53
53
52
52
52
52
52
52
52
52
52
52
51
51
51
51
51
51
51
51
51
51
51
51
51
51
51
51
51
50
50
50
50
50
50
50
50
50
50
50
50
50
50
50
50
50
50
50
50
50
50
50
51
51
51
51
51
51
52
52
52
52
53
53
53
38
38
38
37
37
37
35
35
35
35
35
35
35
34
34
34
34
33
33
33
32
32
32
32
31
31
31
31
31
31
31
31
31
30
30
30
30
30
30
30
30
30
30
30
30
30
30
30
30
30
30
30
30
30
30
30
30
30
30
30
30
30
30
30
30
30
30
30
30
30
30
30
31
31
31
31
31
31
31
31
31
31
32
32
32
34
34
34
34
32
32
32
31
31
31
30
30
30
29
29
29
29
29
29
29
28
28
28
28
28
28
27
27
27
27
22
22
22
27
27
27
27
27
27
27
27
27
27
27
27
27
27
27
27
26
26
26
26
26
26
26
26
26
26
27
27
27
27
27
27
27
27
27
27
27
27
27
28
28
28
29
29
29
30
30
30
30
29
29
29
30
30
30
30
30
30
30
30
31
31
31
255
255
255
255
255
255
255
255
255
255
255
255
255
255
255
255
255
255
255
255
255
255
255
255
255
255
178
178
178
179
179
179
179
179
179
178
178
178
178
