81
81
81
81
81
81
81
81
81
81
81
81
81
81
81
81
81
81
81
81
81
81
81
81
81
80
80
80
80
80
80
80
80
80
80
80
80
80
80
80
80
81
81
81
81
81
81
81
81
81
81
83
83
83
255
255
255
255
255
255
255
87
87
87
32
32
32
31
31
31
30
30
30
30
30
30
30
30
30
30
30
29
29
29
28
28
28
28
28
28
28
28
28
28
27
27
27
27
27
27
27
27
27
27
27
27
27
27
27
27
27
27
27
27
27
27
27
27
27
27
27
27
27
27
27
27
27
27
27
27
28
28
28
28
28
28
29
29
29
28
28
28
28
29
29
29
30
30
30
31
31
31
255
255
255
255
255
255
255
130
130
130
129
129
129
128
128
128
128
255
255
255
255
255
255
130
130
130
127
127
127
127
126
126
126
126
126
126
126
126
126
126
126
126
126
127
127
127
127
127
127
127
127
127
128
128
128
128
137
137
137
137
137
137
136
136
136
136
136
136
136
137
137
137
137
137
137
137
137
137
138
138
138
255
255
255
255
255
255
255
255
255
255
255
255
255
255
255
255
255
255
255
255
138
138
138
137
137
137
136
136
136
136
136
136
136
135
135
135
135
135
135
135
135
135
135
135
135
135
135
135
135
135
135
135
136
136
136
136
136
136
136
137
137
137
138
138
138
255
255
255
255
255
255
255
255
255
255
255
255
255
255
255
255
255
255
255
255
255
255
255
255
86
86
86
84
84
84
83
83
83
82
82
82
82
82
82
82
81
81
81
81
81
81
81
81
81
81
81
81
81
81
81
81
81
81
81
81
81
81
