255
255
255
255
255
255
255
255
255
255
255
255
255
255
255
255
255
255
255
255
255
255
255
255
255
255
255
255
255
255
255
255
255
255
255
255
255
255
255
255
255
255
255
255
255
255
255
255
255
255
255
255
255
255
255
255
255
255
255
255
255
255
255
255
145
145
145
138
138
138
138
138
138
143
143
143
143
144
144
144
146
146
146
147
147
147
147
146
146
146
146
255
255
255
255
255
255
255
255
255
255
255
255
255
255
255
255
54
54
54
53
53
53
53
52
52
52
52
52
52
52
52
52
51
51
51
51
51
51
51
51
51
51
50
50
50
50
50
50
50
50
50
50
50
50
50
50
50
50
50
50
50
50
50
50
50
50
51
51
51
51
51
51
51
51
51
51
52
52
52
53
53
53
53
54
54
54
89
89
89
89
89
89
88
88
88
88
88
88
88
88
88
88
73
73
73
73
72
72
72
71
71
71
71
71
71
70
70
70
70
70
70
70
70
70
70
70
70
70
69
69
69
69
69
69
69
70
70
70
70
70
70
70
70
70
70
70
70
70
70
70
70
70
71
71
71
71
71
71
71
73
73
73
77
77
77
79
79
79
79
77
77
77
78
78
78
160
160
160
158
158
158
158
158
158
158
158
158
158
158
255
255
255
255
255
255
255
156
156
156
155
155
155
155
155
155
155
155
155
155
155
155
155
155
155
155
155
155
155
155
155
155
155
155
155
155
155
155
155
156
156
156
156
255
255
255
255
255
255
255
255
255
255
255
255
255
255
255
255
178
178
178
178
178
178
255
255
255
255
255
255
255
255
255
255
255
255
255
255
255
