178
178
65
65
65
178
178
178
178
178
178
178
178
178
178
178
178
178
178
178
178
179
179
179
179
179
179
179
179
179
179
180
180
180
180
255
255
255
255
255
255
255
255
255
255
180
180
180
180
181
181
181
255
255
255
255
255
255
255
255
255
255
33
33
33
32
32
32
31
31
31
30
30
30
30
29
29
29
29
29
29
28
28
28
27
27
27
27
27
27
27
27
27
27
27
27
27
27
27
26
26
26
26
26
26
26
26
26
26
26
26
26
26
26
26
26
26
26
26
26
26
26
26
26
26
26
26
26
26
26
26
26
26
26
27
27
27
27
27
27
27
28
28
28
29
29
29
30
30
30
30
31
31
31
31
31
31
32
32
32
31
31
31
31
30
30
30
29
29
29
29
29
29
28
28
28
28
28
28
28
28
28
28
28
28
28
27
27
27
27
27
27
27
28
28
28
28
28
28
28
28
28
28
28
28
28
28
28
28
28
28
28
28
28
29
29
29
29
29
29
30
30
30
30
30
30
30
32
32
32
32
32
32
34
34
34
55
55
55
55
54
54
54
53
53
53
52
52
52
52
52
52
52
52
52
52
51
51
51
22
22
22
51
51
51
51
51
51
51
50
50
50
50
50
50
50
50
50
50
51
51
51
51
51
51
51
51
51
51
51
51
51
52
52
52
52
52
52
52
52
52
52
52
52
52
53
53
53
54
54
54
55
55
55
255
255
255
255
255
255
255
255
255
255
255
255
255
255
255
255
255
255
255
255
255
255
255
255
255
255
255
180
180
180
180
180
180
179
179
179
179
179
179
179
179
179
179
179
179
179
