82
82
82
82
82
82
82
82
82
82
82
82
82
82
82
82
82
82
82
82
82
82
82
82
82
82
82
82
82
83
83
83
83
83
83
83
85
85
85
255
255
255
86
86
86
32
32
32
32
31
31
31
30
30
30
30
30
30
29
29
29
28
28
28
28
28
28
28
27
27
27
27
27
27
27
27
27
27
27
27
27
26
26
26
26
26
26
26
26
26
26
26
26
26
26
26
26
27
27
27
27
27
27
27
27
27
27
27
27
27
27
27
27
27
28
28
28
28
28
28
28
28
28
28
29
29
29
30
30
30
30
31
31
31
31
31
31
129
129
129
128
128
128
128
127
127
127
128
128
128
128
128
128
128
128
128
128
127
127
127
125
125
125
125
125
125
125
125
125
125
129
129
129
125
125
125
124
124
124
124
124
124
124
124
124
124
125
125
125
125
125
125
125
125
125
125
125
126
126
126
137
137
137
137
135
135
135
136
136
136
138
138
138
197
197
197
197
197
197
197
197
197
197
197
196
196
196
196
196
196
196
196
196
196
196
196
196
197
197
197
197
197
197
197
197
197
197
198
198
198
198
198
198
198
255
255
255
22
22
22
255
255
255
255
255
255
255
255
255
255
255
255
255
255
255
255
255
255
255
255
255
255
255
255
255
255
255
255
255
255
255
255
255
255
255
255
218
218
218
218
86
86
86
85
85
85
84
84
84
83
83
83
82
82
82
82
82
82
82
82
82
82
82
82
82
82
81
81
81
81
81
81
81
81
81
81
81
81
81
81
81
81
81
81
81
81
81
81
81
81
81
81
81
81
81
81
81
81
81
81
