177
177
177
62
62
62
177
177
177
177
177
177
177
177
177
177
177
177
177
177
177
177
177
177
177
177
177
177
177
177
177
177
178
178
178
178
178
178
178
255
255
255
255
255
255
255
255
255
255
255
255
255
255
255
255
255
255
255
255
255
255
255
255
255
255
32
32
32
30
30
30
30
30
30
29
29
29
29
28
28
28
28
28
28
28
28
28
28
28
28
28
27
27
27
27
27
27
27
27
27
27
27
27
27
27
27
27
27
27
27
27
27
27
27
27
27
27
27
27
27
27
27
27
27
27
27
27
27
27
27
27
27
27
27
28
28
28
28
28
28
28
29
29
29
29
29
29
30
30
30
30
31
31
31
33
33
33
32
32
32
31
31
31
31
30
30
30
30
30
30
30
30
30
30
30
30
30
29
29
29
29
29
29
29
29
29
28
28
28
28
28
28
28
28
28
28
29
29
29
28
28
28
28
28
28
28
29
29
29
29
29
29
29
29
29
30
30
30
30
30
30
30
31
31
31
32
32
32
33
33
33
33
34
34
34
55
55
55
54
54
54
54
53
53
53
53
53
53
53
52
52
52
52
52
52
52
52
52
52
51
51
51
51
51
51
51
51
51
51
51
51
51
51
51
51
51
51
51
51
51
51
51
51
51
51
51
51
51
52
52
52
52
52
52
52
52
52
52
53
53
53
54
54
54
56
56
56
200
200
200
200
200
200
200
202
202
202
255
255
255
255
255
255
255
255
255
255
255
255
255
255
255
255
255
255
255
255
180
180
180
179
179
179
179
179
179
179
178
178
178
179
179
179
179
178
178
178
178
178
178
