184
184
187
187
187
184
184
184
184
184
184
184
184
184
184
184
184
184
185
185
185
185
185
185
185
185
185
185
185
185
185
186
186
186
186
183
183
183
182
182
182
183
183
183
184
184
184
184
185
185
185
184
184
184
184
184
184
184
185
185
185
185
255
255
255
57
57
57
55
55
55
55
54
54
54
54
54
54
53
53
53
53
53
53
53
52
52
52
52
52
52
52
51
51
51
51
51
51
51
51
51
51
51
51
51
51
51
51
51
51
51
51
51
50
50
50
50
50
50
51
51
51
51
51
51
51
51
51
51
51
51
51
51
51
51
52
52
52
52
53
53
53
53
53
53
54
54
54
55
55
55
55
35
35
35
34
34
34
33
33
33
32
32
32
32
32
32
32
31
31
31
31
31
31
30
30
30
30
30
30
30
30
30
30
30
30
30
30
30
30
30
30
30
30
29
29
29
29
29
29
30
30
30
30
30
30
30
30
30
30
30
30
30
30
30
30
30
30
31
31
31
31
31
31
31
32
32
32
42
42
42
38
38
38
38
32
32
32
31
31
31
30
30
30
29
29
29
29
29
29
29
29
29
29
28
28
28
27
27
27
27
27
27
27
26
26
26
27
27
27
27
27
27
27
27
27
27
27
27
27
27
27
27
27
27
27
27
27
27
27
27
27
27
27
27
27
27
28
28
28
29
29
29
29
29
29
29
30
30
30
31
31
31
31
31
31
255
255
255
255
180
180
180
255
255
255
255
255
255
255
255
255
255
255
255
255
255
255
255
255
255
255
255
255
255
255
255
255
255
255
255
255
255
255
255
255
255
255
255
255
