177
177
67
67
67
177
177
177
177
177
177
177
177
177
177
177
177
177
177
177
177
177
177
177
177
177
177
177
177
177
177
177
177
178
178
178
177
177
177
177
177
177
179
179
179
179
183
183
183
185
185
185
186
186
186
187
187
187
187
187
187
187
255
255
255
56
56
56
56
55
55
55
54
54
54
53
53
53
53
53
53
53
52
52
52
52
52
52
52
52
48
48
48
48
51
51
51
51
51
51
51
51
51
51
51
51
51
51
51
51
51
51
51
51
51
51
51
51
51
51
51
51
51
51
51
51
51
52
52
52
52
52
52
53
53
53
53
53
53
53
53
53
37
37
37
30
30
30
33
33
33
33
33
33
33
32
32
32
32
32
32
31
31
31
31
31
31
31
30
30
30
30
30
30
30
30
30
30
30
30
30
29
29
29
29
29
29
29
29
29
29
29
29
29
29
29
29
29
29
29
30
30
30
30
30
30
30
30
30
30
30
30
30
31
31
31
31
31
31
31
31
31
31
41
41
41
34
34
34
30
30
30
30
29
29
29
29
29
29
28
28
28
28
28
28
28
27
27
27
27
27
27
27
27
27
27
22
22
22
25
25
25
26
26
26
26
26
26
26
26
26
26
26
26
26
26
26
26
26
26
26
26
26
26
26
26
26
26
26
27
27
27
27
27
27
27
27
27
27
29
29
29
28
28
28
28
28
28
28
29
29
29
29
29
29
29
29
31
31
31
255
255
255
255
255
255
255
255
255
255
255
255
255
255
255
255
179
179
179
179
178
178
178
178
178
178
178
178
178
178
178
178
178
178
178
178
178
178
178
178
