49
49
49
49
49
49
49
49
49
49
49
49
49
49
49
49
49
49
49
49
49
49
49
49
49
49
49
49
49
49
49
49
49
49
49
49
49
49
49
49
49
49
49
49
49
50
50
50
50
50
50
51
51
51
51
51
51
51
52
52
52
54
54
54
216
216
216
215
215
215
215
215
215
215
214
214
214
216
216
216
255
255
255
255
255
255
255
167
167
167
167
166
166
166
165
165
165
165
165
165
165
165
165
165
165
165
165
164
164
164
164
164
164
164
164
164
164
165
165
165
165
165
165
165
165
165
165
166
166
166
255
255
255
255
255
255
255
255
255
255
255
255
255
36
36
36
36
36
36
33
33
33
33
33
33
33
32
32
32
32
32
32
32
31
31
31
31
30
30
30
30
30
30
30
30
30
30
30
30
30
29
29
29
29
29
29
29
29
29
29
30
30
30
30
30
30
30
30
30
30
30
30
30
30
30
30
30
30
30
30
30
30
30
31
31
31
31
31
31
32
32
32
32
32
32
32
34
34
34
34
34
34
45
45
45
45
44
44
44
44
44
44
42
42
42
42
42
42
42
42
42
42
42
42
42
41
41
41
22
22
22
22
41
41
41
41
41
41
41
41
41
41
41
41
41
41
41
41
41
41
41
41
41
41
41
41
41
41
42
42
42
42
42
42
42
42
42
43
43
43
43
44
44
44
45
45
45
55
55
55
55
53
53
53
53
52
52
52
52
52
52
52
51
51
51
50
50
50
50
50
50
49
49
49
50
50
50
50
49
49
49
49
49
49
49
49
49
49
49
49
49
49
49
49
49
49
49
49
49
49
