50
50
50
50
50
50
50
50
50
50
50
50
50
50
50
50
50
50
49
49
49
49
49
49
49
49
49
49
49
49
49
49
49
49
49
49
49
49
49
49
49
48
48
48
48
48
48
48
48
48
48
48
48
48
48
48
48
48
48
48
48
48
48
48
49
49
49
49
49
49
49
50
50
50
50
50
50
50
51
51
51
53
53
53
255
255
255
255
255
255
255
255
255
255
255
255
255
255
255
255
255
255
255
255
255
255
255
255
255
255
255
255
255
255
167
167
167
167
167
167
167
166
166
166
166
166
166
166
166
166
166
165
165
165
165
165
165
165
165
165
165
165
165
165
166
166
166
166
166
166
166
166
166
168
168
168
168
255
255
255
255
255
255
255
255
255
255
255
255
255
35
35
35
33
33
33
33
33
33
32
32
32
32
31
31
31
30
30
30
30
30
30
29
29
29
29
29
29
29
29
29
29
29
29
29
29
29
28
28
28
28
28
28
28
28
28
28
29
29
29
29
29
29
29
29
29
30
30
30
30
31
31
31
54
54
54
54
53
53
53
44
44
44
44
51
51
51
46
46
46
51
51
51
45
45
45
45
43
43
43
42
42
42
42
42
42
41
41
41
41
41
41
41
41
41
41
40
40
40
40
40
40
40
40
40
40
40
40
40
40
40
40
39
39
39
39
39
39
39
39
39
39
39
39
39
40
40
40
40
40
40
40
40
40
40
41
41
41
41
41
41
41
42
42
42
43
43
43
43
43
43
43
44
44
44
44
54
54
54
53
53
53
53
54
54
54
52
52
52
53
53
53
53
53
53
53
52
52
52
52
