163
163
163
164
164
164
163
163
163
163
163
163
163
163
163
163
163
163
163
163
163
163
163
163
163
163
164
164
164
164
164
164
164
164
164
164
164
164
164
165
165
165
255
255
255
255
255
255
255
255
255
255
255
255
255
33
33
33
33
31
31
31
31
30
30
30
29
29
29
29
29
29
29
29
29
29
28
28
28
27
27
27
27
27
27
27
27
27
27
27
27
27
27
27
27
27
27
27
26
26
26
26
26
26
26
26
26
26
26
26
26
26
26
26
26
26
26
26
27
27
27
27
27
27
27
27
27
27
28
28
28
28
28
28
28
29
29
29
31
31
31
31
48
48
48
46
46
46
46
46
46
45
45
45
45
45
45
45
44
44
44
44
44
44
44
44
44
44
43
43
43
43
43
43
43
43
43
42
42
42
42
42
42
42
42
42
42
42
42
42
42
42
42
42
42
42
42
43
43
43
43
43
43
43
43
43
43
44
44
44
44
44
44
45
45
45
46
46
46
46
48
48
48
55
55
55
54
54
54
54
54
54
54
53
53
53
52
52
52
52
52
52
51
51
51
51
51
51
51
50
50
50
50
50
50
50
50
50
50
21
21
21
50
50
50
50
50
50
50
50
50
50
50
50
50
50
50
50
50
50
50
50
50
50
50
51
51
51
51
51
51
51
52
52
52
52
52
52
52
53
53
53
255
255
255
215
215
215
215
215
215
215
215
215
215
255
255
255
255
255
255
166
166
166
164
164
164
164
164
164
164
164
164
164
163
163
163
163
163
163
163
163
163
163
163
163
163
163
163
163
162
162
162
162
162
162
162
162
162
162
