68
68
68
68
68
68
68
68
68
68
68
68
68
68
68
68
68
68
68
68
68
68
68
68
68
68
68
68
68
68
68
68
68
68
68
68
68
68
68
68
68
68
68
68
68
68
68
69
69
69
69
69
69
69
69
69
69
69
69
69
70
70
70
70
71
71
71
72
72
72
255
255
255
255
255
255
255
255
255
255
255
255
255
255
255
255
160
160
160
157
157
157
157
156
156
156
156
156
156
156
156
156
156
179
179
179
160
160
160
155
155
155
155
154
154
154
154
154
154
155
155
155
155
155
155
155
155
155
155
155
155
155
155
155
155
156
156
156
157
157
157
157
255
255
255
255
255
255
255
255
255
255
255
255
255
255
255
255
23
23
23
255
255
255
255
255
255
255
255
255
255
255
255
255
255
255
255
138
138
138
138
137
137
137
136
136
136
136
136
136
136
136
136
136
136
136
136
135
135
135
135
135
135
136
136
136
136
136
136
136
136
137
137
137
144
144
144
144
145
145
145
145
145
145
145
144
144
144
144
146
146
146
146
146
146
146
146
146
146
147
147
147
54
54
54
54
54
54
54
53
53
53
53
52
52
52
51
51
51
51
51
51
50
50
50
50
50
50
50
50
50
50
50
50
50
50
50
50
50
50
50
50
50
50
50
50
50
50
50
50
50
50
50
50
50
50
51
51
51
51
51
51
51
51
51
51
52
52
52
53
53
53
87
87
87
87
87
87
87
87
87
87
87
87
87
86
86
86
72
72
72
72
71
71
71
71
71
71
70
70
70
70
70
70
70
70
70
70
69
69
69
69
69
69
69
69
69
69
69
69
