255
255
255
255
255
255
255
255
255
255
255
255
255
255
255
255
255
255
255
255
255
255
255
255
255
255
255
255
255
255
255
255
255
255
255
255
255
255
255
255
255
255
255
255
179
179
179
179
179
179
179
179
179
179
179
184
184
184
184
184
184
184
186
186
186
186
186
186
186
184
184
184
185
185
185
185
187
187
187
186
186
186
186
186
186
186
186
186
186
186
186
186
255
255
255
255
255
255
255
58
58
58
56
56
56
55
55
55
54
54
54
54
54
54
54
53
53
53
53
53
53
52
52
52
52
52
52
52
52
52
52
52
52
52
52
52
52
52
52
52
52
51
51
51
51
51
51
51
51
51
51
52
52
52
52
52
52
52
52
52
52
52
53
53
53
54
54
54
55
55
55
33
33
33
33
57
57
57
31
31
31
30
30
30
30
30
30
30
28
28
28
28
28
28
27
27
27
27
27
27
27
27
27
27
27
27
27
26
26
26
26
26
26
26
26
26
26
26
26
26
26
26
26
26
26
26
26
26
26
26
27
27
27
27
27
27
27
26
26
26
27
27
27
27
27
27
27
27
27
27
28
28
28
29
29
29
28
28
28
28
21
21
21
22
22
22
28
28
28
28
28
28
28
27
27
27
27
27
27
26
26
26
26
26
26
26
26
26
26
26
26
26
25
25
25
25
25
25
25
25
25
25
25
25
25
26
26
26
26
26
26
26
26
26
26
26
26
26
26
26
26
27
27
27
27
27
27
27
27
27
27
28
28
28
28
28
28
28
29
29
29
30
30
30
30
31
31
31
31
31
31
31
31
255
255
255
255
255
255
255
