132
132
132
23
23
23
132
132
132
132
132
132
132
132
132
132
132
132
132
133
133
133
133
133
133
133
133
133
133
135
135
135
136
136
136
135
135
135
135
196
196
196
196
196
196
196
196
196
196
195
195
195
195
195
195
195
195
195
195
195
195
195
195
195
195
196
196
196
196
196
196
196
196
196
196
197
197
197
199
199
199
255
255
255
255
255
255
255
255
255
255
255
255
255
255
255
255
255
255
255
255
255
255
255
255
255
255
255
255
255
255
255
255
255
255
255
255
255
255
255
255
255
255
255
255
255
255
255
255
255
255
85
85
85
85
84
84
84
84
84
84
84
83
83
83
83
83
83
82
82
82
82
82
82
82
82
82
82
82
82
82
82
82
82
82
82
82
82
82
82
82
82
82
82
82
82
82
82
82
82
82
83
83
83
84
84
84
84
84
84
84
86
86
86
88
88
88
34
34
34
32
32
32
32
32
32
32
30
30
30
30
30
30
30
29
29
29
29
29
29
29
29
29
28
28
28
28
28
28
28
28
28
28
27
27
27
27
27
27
27
27
27
27
27
27
27
27
27
27
27
27
27
27
27
27
27
28
28
28
28
28
28
28
28
28
28
28
28
28
29
29
29
30
30
30
29
29
29
29
30
30
30
31
31
31
32
32
32
34
34
34
34
129
129
129
128
128
128
127
127
127
127
125
125
125
125
125
125
125
125
125
125
125
128
128
128
128
124
124
124
124
124
124
124
124
124
124
124
124
124
129
129
129
129
129
129
129
129
129
129
124
124
124
124
124
124
124
124
124
124
124
124
124
125
125
125
125
125
125
125
