197
197
255
255
255
198
198
198
198
197
197
197
198
198
198
198
198
198
198
198
198
198
198
198
198
198
198
198
255
255
255
255
255
255
255
255
255
255
255
255
255
255
255
255
255
255
255
255
255
255
255
255
255
255
255
255
255
255
255
255
255
255
255
255
255
255
255
255
255
255
255
255
255
255
255
255
255
255
255
255
255
255
255
255
255
255
255
255
255
255
255
255
255
255
255
255
255
255
86
86
86
84
84
84
84
84
84
84
83
83
83
82
82
82
82
82
82
81
81
81
81
81
81
81
81
81
81
81
81
81
80
80
80
80
80
80
80
81
81
81
81
81
81
81
81
81
81
81
81
81
81
81
81
81
82
82
82
83
83
83
83
88
88
88
35
35
35
34
34
34
33
33
33
33
33
33
33
32
32
32
31
31
31
31
31
31
31
30
30
30
29
29
29
29
29
29
29
29
29
29
29
29
29
29
29
29
28
28
28
28
28
28
28
28
28
28
28
28
28
28
28
28
28
28
28
29
29
29
29
29
29
29
28
28
28
29
29
29
29
30
30
30
30
30
30
30
30
30
30
30
31
31
31
32
32
32
131
131
131
22
22
22
22
129
129
129
128
128
128
127
127
127
129
129
129
129
129
129
129
126
126
126
125
125
125
125
125
125
125
125
125
125
124
124
124
124
124
124
124
124
124
124
124
124
124
124
124
124
125
125
125
125
125
125
125
127
127
127
131
131
131
135
135
135
137
137
137
137
255
255
255
255
255
255
255
255
255
255
255
255
255
255
255
255
255
255
255
199
199
199
198
198
198
198
198
198
198
198
198
198
