126
126
25
25
25
126
126
126
126
126
126
126
126
126
126
126
126
126
126
126
126
126
126
126
126
126
128
128
128
129
129
129
129
127
127
127
125
125
125
124
124
124
123
123
123
123
123
123
123
123
123
123
124
124
124
124
124
124
124
124
124
124
132
132
132
134
134
134
136
136
136
136
132
132
132
132
135
135
135
132
132
132
132
135
135
135
135
135
135
137
137
137
198
198
198
198
198
198
198
197
197
197
197
197
197
197
197
197
197
196
196
196
196
196
196
196
196
196
196
196
196
196
196
196
196
196
196
196
196
197
197
197
198
198
198
198
198
198
198
255
255
255
255
255
255
255
255
255
255
255
255
255
255
255
255
255
255
255
255
255
255
255
255
255
255
255
255
255
255
255
255
255
255
255
255
255
255
255
255
255
255
255
255
255
255
255
255
255
86
86
86
84
84
84
84
84
84
83
83
83
83
83
83
83
82
82
82
82
82
82
82
82
82
82
82
82
82
82
82
82
81
81
81
81
81
81
81
82
82
82
82
82
82
82
82
82
82
82
82
82
83
83
83
88
88
88
89
89
89
32
32
32
32
33
33
33
30
30
30
30
30
30
30
29
29
29
29
29
29
28
28
28
28
28
28
28
27
27
27
27
27
27
27
27
27
27
27
27
27
26
26
26
27
27
27
27
26
26
26
26
26
26
26
26
26
26
26
26
26
26
26
26
26
26
26
27
27
27
27
27
27
27
28
28
28
28
28
28
29
29
29
29
29
29
29
29
29
29
29
29
29
30
30
30
30
30
30
30
31
31
31
31
31
31
31
32
32
32
32
32
