176
176
176
66
66
66
176
176
176
176
176
176
176
176
176
176
176
176
176
176
176
176
176
176
176
176
176
176
176
177
177
177
177
177
177
177
177
177
177
178
178
178
255
255
255
255
255
255
255
255
255
255
255
255
255
255
255
255
33
33
33
31
31
31
31
30
30
30
30
30
30
30
30
30
29
29
29
29
28
28
28
28
28
28
28
28
28
27
27
27
27
27
27
27
27
27
27
27
27
27
27
27
27
27
27
27
27
27
27
27
27
27
27
27
27
27
27
27
27
27
27
27
27
27
27
27
27
27
27
27
28
28
28
28
28
28
29
29
29
29
29
29
29
29
29
29
29
30
30
30
31
31
31
32
32
32
32
32
32
32
31
31
31
31
31
31
30
30
30
30
31
31
31
30
30
30
30
30
30
30
30
30
30
29
29
29
29
29
29
30
30
30
30
30
30
30
30
30
30
30
30
30
30
30
30
30
30
30
30
30
30
30
31
31
31
31
31
31
31
31
31
31
32
32
32
33
33
33
33
33
33
55
55
55
55
54
54
54
53
53
53
52
52
52
52
52
52
52
52
52
52
22
22
22
51
51
51
50
50
50
50
50
50
50
50
50
50
50
50
50
50
50
50
50
50
50
50
50
50
50
50
50
50
50
50
50
50
50
50
50
51
51
51
51
51
51
51
51
51
51
51
52
52
52
52
52
52
53
53
53
55
55
55
55
255
255
255
255
255
255
255
255
255
255
255
255
255
255
255
255
255
255
255
178
178
178
178
178
178
178
178
178
178
177
177
177
177
177
177
177
177
177
177
176
176
176
176
176
176
176
