50
50
50
50
50
50
50
50
50
50
50
50
50
50
50
50
50
50
50
50
50
50
50
50
50
50
50
50
50
51
51
51
52
52
52
52
52
52
53
53
53
53
53
53
53
53
213
213
213
213
213
213
213
212
212
212
212
212
212
213
213
213
213
213
213
213
166
166
166
166
165
165
165
165
165
165
165
164
164
164
164
164
164
164
164
164
164
164
164
164
164
164
164
164
164
164
164
164
164
164
164
164
164
165
165
165
165
165
165
166
166
166
255
255
255
255
255
255
255
255
255
255
255
255
255
33
33
33
32
32
32
32
32
32
32
31
31
31
31
31
31
30
30
30
30
29
29
29
29
29
29
29
29
29
28
28
28
28
28
28
28
28
28
28
28
28
28
28
28
28
28
27
27
27
27
27
27
27
28
28
28
28
28
28
28
28
28
28
28
28
28
28
29
29
29
30
30
30
31
31
31
31
31
31
31
52
52
52
52
52
52
52
44
44
44
45
45
45
45
44
44
44
44
43
43
43
43
43
43
42
42
42
41
41
41
41
41
41
41
41
41
41
41
41
41
41
41
41
41
40
40
40
40
40
40
40
40
40
40
40
40
40
22
22
22
22
41
41
41
41
41
41
41
41
41
41
42
42
42
42
42
42
43
43
43
44
44
44
44
45
45
45
52
52
52
52
52
52
51
51
51
51
51
51
51
51
51
51
50
50
50
50
50
50
50
49
49
49
49
49
49
49
49
49
49
49
49
49
49
49
49
49
49
49
49
49
49
49
49
49
49
49
49
49
49
49
49
49
49
49
49
49
49
49
49
49
49
49
49
49
