177
177
64
64
64
64
178
178
178
178
178
178
178
178
178
178
178
178
178
184
184
184
183
183
183
183
183
182
182
182
182
182
182
182
182
183
183
183
184
184
184
184
184
184
184
184
183
183
183
183
182
182
182
182
184
184
184
184
186
186
186
186
58
58
58
58
58
55
55
55
55
54
54
54
54
54
54
54
53
53
53
53
52
52
52
52
52
52
52
52
51
51
51
51
51
51
51
51
51
51
51
51
50
50
50
50
50
50
50
50
50
50
50
50
50
50
50
50
50
51
51
51
51
51
51
51
51
51
51
51
51
52
52
52
52
52
52
52
52
52
52
52
52
53
53
53
53
37
37
37
37
37
34
34
34
34
33
33
33
33
33
33
33
33
32
32
32
32
32
32
32
32
31
31
31
31
31
31
31
31
30
30
30
30
30
30
30
30
30
30
30
30
30
30
30
30
30
30
30
30
30
30
30
30
30
30
30
30
31
31
31
31
31
31
31
31
31
31
31
31
31
31
31
31
31
31
31
31
34
34
34
34
31
31
31
31
30
30
30
30
28
28
28
28
28
28
28
28
28
28
28
28
27
27
27
27
27
26
26
26
26
26
26
26
26
26
26
26
26
26
26
26
26
26
26
26
26
26
26
26
26
26
26
26
26
26
26
26
26
26
26
26
26
26
26
26
27
27
27
27
28
28
28
28
28
28
28
28
28
29
29
29
29
30
30
30
30
31
31
31
31
33
33
33
33
255
255
255
255
255
255
255
255
255
255
255
255
255
179
179
179
179
255
255
255
255
255
255
255
255
178
178
178
178
178
178
178
178
184
184
