134
134
130
130
130
134
134
134
134
134
134
134
134
134
134
134
134
134
134
134
134
134
134
134
134
134
134
134
134
134
134
134
134
134
134
135
135
135
135
135
135
135
135
135
135
136
136
136
145
145
145
145
145
145
255
255
255
255
255
255
255
255
255
255
56
56
56
56
55
55
55
54
54
54
54
54
54
54
53
53
53
53
53
53
53
53
53
52
52
52
52
52
52
52
52
52
52
52
52
52
52
52
52
52
52
52
52
51
51
51
52
52
52
52
52
52
52
52
52
52
52
52
52
52
52
52
52
52
52
52
53
53
53
53
53
53
54
54
54
55
55
55
55
55
55
55
57
57
57
92
92
92
91
91
91
91
92
92
92
76
76
76
74
74
74
74
74
74
74
73
73
73
73
73
73
73
73
73
73
72
72
72
72
72
72
72
72
72
72
72
72
72
72
72
72
72
72
72
72
72
72
72
72
73
73
73
73
73
73
73
73
73
73
74
74
74
75
75
75
75
78
78
78
78
192
192
192
79
79
79
79
192
192
192
192
192
192
192
192
192
192
192
192
192
192
192
192
193
193
193
193
193
193
193
193
193
193
154
154
154
153
153
153
153
153
153
153
153
153
153
153
153
153
255
255
255
161
161
161
161
162
162
162
255
255
255
255
255
255
160
160
160
160
255
255
255
255
255
255
255
255
255
255
255
255
255
255
255
255
255
255
255
255
255
255
255
255
255
255
255
255
255
255
255
255
255
255
255
137
137
137
137
136
136
136
135
135
135
135
135
135
135
135
135
135
135
135
135
135
135
135
135
135
135
135
135
135
135
134
134
