24
24
24
24
24
24
24
24
24
24
24
24
24
24
24
24
24
24
24
24
24
24
24
24
24
24
24
24
25
25
25
25
25
25
25
25
25
25
26
26
26
26
27
27
27
27
27
27
27
27
27
28
28
28
28
29
29
29
55
55
55
54
54
54
53
53
53
53
53
53
53
52
52
52
52
52
52
52
52
52
52
52
52
52
52
52
52
52
52
52
52
52
52
52
52
52
52
52
52
52
52
52
52
52
52
52
52
52
52
52
52
53
53
53
53
53
53
53
54
54
54
54
54
54
56
56
56
56
56
56
255
255
255
255
255
255
255
255
255
255
255
255
255
255
255
255
255
255
255
255
255
255
255
181
181
181
181
181
181
181
181
181
181
181
181
181
181
181
181
185
185
185
185
255
255
255
180
180
180
180
180
180
180
180
180
180
180
180
180
181
181
181
182
182
182
182
185
185
185
255
255
255
255
255
255
31
31
31
31
31
31
31
29
29
29
29
29
29
28
28
28
28
28
28
28
28
28
28
27
27
27
27
26
26
26
26
26
26
26
26
26
25
25
25
25
25
25
25
25
25
25
25
25
25
25
25
25
25
24
24
24
24
24
24
25
25
25
25
25
25
25
26
26
26
26
26
26
26
26
26
26
26
26
26
28
28
28
28
28
28
28
29
29
29
29
29
29
29
29
29
29
29
28
28
28
28
26
26
26
26
26
26
26
26
26
26
25
25
25
25
25
25
25
24
24
24
24
24
24
24
24
24
24
24
24
24
24
24
24
24
24
24
24
24
24
24
24
24
24
24
24
24
24
24
24
24
24
24
24
24
