179
179
70
70
70
70
179
179
179
179
179
179
179
179
179
179
179
179
179
179
179
179
179
179
179
179
179
179
179
179
179
179
180
180
180
180
255
255
255
255
255
255
180
180
180
180
178
178
178
178
178
178
178
178
178
179
179
179
179
181
181
181
255
255
255
255
255
255
255
255
255
255
31
31
31
30
30
30
30
30
30
29
29
29
29
28
28
28
27
27
27
27
27
27
26
26
26
26
26
26
26
26
26
26
26
26
26
25
25
25
25
25
25
25
25
25
25
25
25
25
25
25
25
25
25
25
25
24
24
24
25
25
25
25
25
25
25
25
25
25
25
25
25
25
25
25
26
26
26
26
26
26
26
26
26
26
28
28
28
26
26
26
26
29
29
29
28
28
28
29
29
29
28
28
28
28
29
29
29
29
29
29
28
28
28
28
27
27
27
26
26
26
27
27
27
27
26
26
26
26
26
26
26
26
26
26
26
26
26
26
26
26
26
26
26
26
26
26
26
26
26
26
26
26
26
27
27
27
27
27
27
28
28
28
28
28
28
28
28
28
28
30
30
30
30
30
30
30
32
32
32
32
56
56
56
55
55
55
55
54
54
54
22
22
22
53
53
53
53
53
53
53
52
52
52
52
52
52
52
52
52
52
52
52
52
52
52
52
52
52
52
52
52
52
52
52
52
52
53
53
53
53
53
53
53
53
53
53
53
53
53
53
54
54
54
56
56
56
255
255
255
255
255
255
255
255
255
255
255
255
255
255
255
255
255
255
255
255
255
255
255
255
255
255
255
255
255
255
255
255
255
255
255
255
255
255
255
255
255
255
