184
184
184
184
184
184
184
184
184
184
184
184
184
184
184
184
184
184
184
184
184
184
184
184
184
185
185
185
186
186
186
184
184
184
182
182
182
182
182
182
182
183
183
183
185
185
185
185
185
185
185
185
184
184
184
186
186
186
57
57
57
55
55
55
55
54
54
54
53
53
53
52
52
52
52
52
52
52
52
52
52
51
51
51
51
51
51
51
51
51
51
50
50
50
50
50
50
50
50
50
50
50
50
50
50
50
50
50
50
50
50
50
50
50
50
50
50
50
50
50
50
50
50
50
51
51
51
51
51
51
51
52
52
52
52
52
52
52
52
52
52
53
53
53
34
34
34
33
33
33
33
32
32
32
32
32
32
31
31
31
31
31
31
31
30
30
30
30
30
30
30
30
30
29
29
29
29
29
29
29
29
29
29
29
29
29
29
29
29
29
29
29
29
29
29
29
29
29
29
29
29
29
29
29
29
29
30
30
30
30
30
30
30
30
30
30
30
31
31
31
32
32
32
34
34
34
31
31
31
31
31
31
31
30
30
30
30
30
30
29
29
29
29
28
28
28
28
28
28
28
28
27
27
27
27
27
27
27
27
27
27
27
27
27
27
27
27
27
27
27
26
26
26
26
26
26
26
26
26
26
27
27
27
27
27
27
27
27
27
27
28
28
28
28
28
28
28
28
28
28
29
29
29
29
30
30
30
33
33
33
255
255
255
255
255
255
255
255
255
255
255
255
255
255
255
255
255
255
255
255
255
255
255
255
255
255
187
187
187
187
187
187
179
179
179
179
255
255
255
255
179
179
179
179
179
179
179
178
178
178
