39
39
39
39
39
39
39
39
39
39
39
39
39
39
39
39
39
39
39
39
39
39
39
39
39
39
39
39
39
39
39
39
39
39
40
40
40
40
40
40
40
40
40
40
40
40
40
41
41
41
41
42
42
42
43
43
43
44
44
44
66
66
66
66
56
56
56
54
54
54
53
53
53
52
52
52
52
52
52
52
51
51
51
51
51
51
51
50
50
50
50
50
50
50
50
50
50
50
50
50
50
50
50
50
50
50
50
50
50
50
50
50
50
50
50
50
50
50
50
50
50
50
50
50
50
50
50
51
51
51
51
51
51
51
52
52
52
52
52
52
53
53
53
53
54
54
54
215
215
215
215
214
214
214
214
214
214
214
214
214
214
214
214
214
168
168
168
168
167
167
167
166
166
166
166
166
166
166
165
165
165
164
164
164
164
164
164
164
164
164
164
164
164
164
165
165
165
165
165
165
165
165
165
165
165
165
165
166
166
166
166
167
167
167
255
255
255
255
255
255
255
255
255
255
255
255
255
33
33
33
31
31
31
31
31
31
31
30
30
30
29
29
29
29
29
29
29
29
29
29
28
28
28
27
27
27
26
26
26
26
26
26
26
27
27
27
27
27
27
27
27
27
27
27
27
27
27
27
27
28
28
28
28
28
28
28
29
29
29
30
30
30
53
53
53
51
51
51
51
51
51
51
51
51
51
50
50
50
44
44
44
44
44
44
44
43
43
43
42
42
42
42
42
42
42
41
41
41
41
41
41
40
40
40
40
40
40
40
40
40
40
40
40
40
39
39
39
39
39
39
39
39
39
39
39
39
39
39
39
39
