81
81
81
81
81
81
81
81
81
81
81
81
81
81
81
81
81
81
81
81
81
81
81
81
81
81
81
81
81
81
81
81
81
81
81
81
81
81
81
81
81
81
81
81
81
81
81
81
82
82
82
83
83
83
84
84
84
84
84
84
84
87
87
87
32
32
32
31
31
31
31
30
30
30
29
29
29
28
28
28
28
28
28
28
28
28
28
27
27
27
27
27
27
27
27
27
27
26
26
26
26
26
26
26
27
27
27
26
26
26
26
26
26
26
26
26
26
26
26
26
26
26
26
26
26
26
26
26
26
26
27
27
27
27
27
27
28
28
28
27
27
27
27
29
29
29
29
29
29
29
29
29
29
31
31
31
255
255
255
255
255
255
132
132
132
129
129
129
129
128
128
128
127
127
127
127
127
127
127
127
127
127
255
255
255
127
127
127
126
126
126
126
126
126
126
126
126
126
126
126
126
126
126
126
126
127
127
127
128
128
128
129
129
129
129
136
136
136
137
137
137
137
137
137
138
138
138
138
137
137
137
138
138
138
140
140
140
255
255
255
255
255
255
255
255
255
255
140
140
140
255
255
255
255
255
255
255
138
138
138
137
137
137
136
136
136
136
136
136
136
136
136
136
136
136
136
136
136
136
136
136
136
136
136
136
136
136
136
136
136
136
136
136
136
137
137
137
255
255
255
255
255
255
255
255
255
255
255
255
255
255
255
255
255
255
255
255
255
255
255
255
255
255
255
255
255
85
85
85
84
84
84
84
83
83
83
83
83
83
82
82
82
82
82
82
82
82
82
82
82
82
82
82
82
82
82
82
82
82
81
