83
83
83
83
83
83
83
83
83
83
83
83
83
83
83
83
83
83
83
83
83
83
83
83
83
83
84
84
84
86
86
86
33
33
33
33
32
32
32
31
31
31
30
30
30
30
30
30
30
29
29
29
28
28
28
27
27
27
27
27
27
27
26
26
26
26
26
26
26
26
26
26
26
26
26
26
26
26
26
26
26
26
26
26
26
26
26
26
26
26
26
26
26
26
26
27
27
27
27
27
27
27
27
27
27
27
27
27
27
27
27
27
28
28
28
28
28
28
29
29
29
30
30
30
30
30
30
30
133
133
133
130
130
130
129
129
129
129
128
128
128
128
128
128
130
130
130
131
131
131
131
129
129
129
126
126
126
125
125
125
125
125
125
125
125
125
125
125
125
125
125
125
125
125
125
125
125
125
125
125
126
126
126
127
127
127
127
127
127
127
128
128
128
136
136
136
136
136
136
136
139
139
139
255
255
255
255
255
255
255
255
255
255
255
255
255
201
201
201
200
200
200
255
255
255
255
255
255
255
255
255
255
255
255
255
255
255
255
255
255
255
255
255
255
255
255
255
255
255
255
255
255
255
255
255
255
255
255
255
255
255
255
255
255
255
255
255
255
255
255
255
255
255
255
255
255
255
255
255
255
255
255
255
255
255
255
255
255
255
255
255
85
85
85
84
84
84
84
83
83
83
83
83
83
82
82
82
81
81
81
81
81
81
81
81
81
81
81
81
81
80
80
80
80
80
80
80
80
80
80
80
80
80
80
80
80
80
80
80
80
80
80
80
81
81
81
81
81
81
81
81
81
81
81
81
81
81
81
81
81
