51
51
51
51
51
51
51
51
51
51
51
51
51
51
51
51
51
51
51
51
51
51
51
51
51
51
51
51
51
51
51
52
52
52
53
53
53
53
31
31
31
31
30
30
30
29
29
29
28
28
28
28
27
27
27
26
26
26
26
26
26
26
26
26
26
26
26
26
25
25
25
25
25
25
25
25
25
25
25
25
25
25
25
25
25
25
25
25
25
25
25
25
25
25
25
25
25
25
25
25
25
25
25
25
26
26
26
26
26
26
26
26
26
26
27
27
27
27
27
27
28
28
28
28
28
28
28
34
34
34
30
30
30
30
30
30
30
30
30
30
29
29
29
29
29
29
29
29
29
28
28
28
28
28
28
28
27
27
27
28
28
28
28
28
28
28
28
28
28
28
28
28
28
28
28
28
28
28
28
28
28
28
28
28
28
28
28
28
29
29
29
29
29
29
29
30
30
30
32
32
32
30
30
30
30
32
32
32
32
32
32
255
255
255
255
255
255
255
255
255
255
255
255
255
255
255
255
255
255
255
255
255
255
255
255
255
255
255
255
255
255
255
255
255
255
255
255
255
255
255
184
184
184
186
186
186
186
188
188
188
189
189
189
186
186
186
186
186
186
186
187
187
187
255
255
255
255
255
255
255
255
255
255
255
255
255
56
56
56
54
54
54
54
53
53
53
52
52
52
52
52
52
51
51
51
51
50
50
50
50
50
50
50
50
50
50
50
50
50
50
49
49
49
49
49
49
49
49
49
49
49
49
49
49
49
49
49
49
49
49
49
49
49
49
49
49
49
49
49
49
49
49
49
49
49
49
50
50
50
50
