255
255
255
255
255
255
255
255
255
255
255
255
255
255
255
255
255
255
255
255
255
255
255
255
255
255
255
255
55
55
55
55
53
53
53
53
52
52
52
52
51
51
51
51
51
51
51
51
50
50
50
50
50
50
50
50
49
49
49
49
49
49
49
49
49
49
49
49
49
49
49
49
49
49
49
49
49
49
49
49
49
49
49
49
49
50
50
50
50
50
50
50
50
51
51
51
51
51
51
51
51
52
52
52
52
53
53
53
53
55
55
55
55
86
86
86
86
86
86
86
86
86
74
74
74
74
71
71
71
71
71
71
71
71
70
70
70
70
69
69
69
69
69
69
69
69
69
69
69
69
69
69
69
69
68
68
68
68
68
68
68
68
68
68
68
68
69
69
69
69
69
69
69
69
70
70
70
70
70
70
70
70
72
72
72
72
78
78
78
78
255
255
255
255
77
77
77
77
255
255
255
255
255
160
160
160
160
158
158
158
158
157
157
157
157
156
156
156
156
157
157
157
157
180
180
180
180
156
156
156
156
156
156
156
156
155
155
155
155
155
155
155
155
156
156
156
156
157
157
157
157
157
157
157
157
22
22
22
22
22
179
179
179
179
255
255
255
255
179
179
179
179
255
255
255
255
180
180
180
180
255
255
255
255
255
255
255
255
255
255
255
255
255
255
255
255
255
255
255
255
255
255
255
255
138
138
138
138
137
137
137
137
137
137
137
137
137
137
137
137
137
137
137
137
137
137
137
137
137
138
138
138
138
138
138
138
138
145
145
145
145
146
146
146
146
147
147
147
147
255
255
255
255
255
255
255
255
255
255
255
