135
135
132
132
132
135
135
135
135
135
135
135
135
135
135
135
135
135
135
135
135
135
135
135
135
135
135
135
135
135
135
135
135
135
135
135
135
136
136
136
136
136
136
137
137
137
144
144
144
144
147
147
147
148
148
148
147
147
147
146
146
146
146
57
57
57
57
55
55
55
55
54
54
54
54
53
53
53
53
52
52
52
52
52
52
52
52
51
51
51
51
51
51
51
51
51
51
51
51
51
50
50
50
50
50
50
50
50
50
50
50
50
50
50
50
50
50
50
50
50
50
50
50
50
50
50
50
50
51
51
51
51
51
51
51
51
51
51
51
51
52
52
52
52
53
53
53
53
54
54
54
54
90
90
90
90
89
89
89
89
89
89
89
89
75
75
75
75
74
74
74
74
73
73
73
73
72
72
72
72
71
71
71
71
71
71
71
71
71
71
71
71
71
71
71
71
71
71
71
71
71
71
71
71
71
71
71
71
71
71
71
71
71
72
72
72
72
73
73
73
73
74
74
74
74
76
76
76
76
78
78
78
78
79
79
79
79
79
79
79
79
255
255
255
255
255
255
157
157
157
157
156
156
156
156
155
155
155
154
154
154
154
154
154
154
154
154
154
154
154
154
154
154
154
154
154
154
154
154
154
154
154
154
154
154
154
154
154
155
155
155
155
155
155
157
157
157
161
161
161
161
162
162
162
163
163
163
255
255
255
255
255
255
255
255
255
255
255
255
255
255
255
255
255
255
255
255
139
139
139
138
138
138
137
137
137
136
136
136
136
136
136
136
136
136
136
136
136
136
136
136
136
136
136
135
135
135
136
136
136
