255
255
255
255
255
255
255
255
255
255
255
255
255
255
255
255
255
255
181
181
181
180
180
180
180
180
180
180
179
179
179
179
179
179
179
179
179
179
179
179
179
178
178
178
178
179
179
179
179
179
179
180
180
180
189
189
189
189
255
255
255
184
184
184
185
185
185
255
255
255
255
255
255
255
255
255
255
255
255
255
255
56
56
56
56
56
56
55
55
55
54
54
54
54
54
54
54
53
53
53
52
52
52
52
52
52
52
52
52
52
51
51
51
51
51
51
51
51
51
51
51
51
51
51
51
51
51
51
51
51
51
51
51
51
51
51
51
51
51
51
51
51
51
51
51
51
52
52
52
52
52
52
52
52
52
53
53
53
53
54
54
54
32
32
32
31
31
31
30
30
30
30
29
29
29
29
29
29
29
29
29
28
28
28
28
27
27
27
27
27
27
27
27
27
27
27
27
27
26
26
26
26
26
26
26
26
26
26
26
26
26
26
26
26
26
26
26
26
26
26
27
27
27
27
27
27
27
27
27
27
26
26
26
26
27
27
27
27
28
28
28
28
28
28
30
30
30
34
34
34
30
30
30
29
29
29
29
28
28
28
28
28
28
28
28
28
27
27
27
27
27
27
27
27
27
27
27
27
27
26
26
26
26
26
26
26
26
26
26
26
26
26
27
27
27
27
27
27
27
27
27
27
27
27
27
27
27
27
27
27
27
27
28
28
28
28
28
28
28
29
29
29
30
30
30
30
30
30
255
255
255
255
255
255
255
255
255
255
255
255
255
255
255
255
255
255
255
255
255
255
255
255
255
255
255
255
255
255
255
255
