80
80
80
81
81
81
81
81
81
81
81
81
81
81
81
81
81
81
81
80
80
80
80
80
80
80
80
80
80
81
81
81
81
81
81
81
81
81
81
81
81
81
81
81
81
81
82
82
82
83
83
83
85
85
85
85
33
33
33
31
31
31
31
31
31
30
30
30
30
29
29
29
28
28
28
28
28
28
28
28
28
28
27
27
27
27
27
27
27
27
27
26
26
26
26
27
27
27
26
26
26
26
26
26
26
26
26
26
26
26
26
26
26
26
26
26
26
26
26
26
26
26
26
26
26
26
26
26
26
26
27
27
27
27
27
27
28
28
28
28
28
28
28
29
29
29
29
29
29
31
31
31
32
32
32
32
255
255
255
131
131
131
128
128
128
128
128
128
128
127
127
127
127
127
127
127
127
127
255
255
255
255
127
127
127
126
126
126
126
126
126
126
126
126
126
126
126
126
127
127
127
127
127
127
128
128
128
128
128
128
128
136
136
136
138
138
138
138
138
138
138
138
138
138
138
138
138
139
139
139
140
140
140
140
140
140
140
255
255
255
255
255
255
255
255
255
255
139
139
139
138
138
138
137
137
137
137
137
137
137
137
137
137
136
136
136
136
136
136
136
136
136
136
136
136
136
136
136
136
136
136
136
136
137
137
137
137
137
137
137
138
138
138
255
255
255
255
255
255
255
255
255
255
255
255
255
255
255
255
255
255
255
255
255
255
255
255
255
255
255
255
255
84
84
84
83
83
83
83
82
82
82
82
82
82
81
81
81
81
81
81
81
81
81
81
81
81
81
81
81
81
81
81
81
81
81
81
81
81
81
