135
135
27
27
27
135
135
135
135
135
135
135
135
135
135
135
135
135
135
135
135
135
135
135
135
135
135
135
135
135
135
135
135
135
135
135
136
136
136
136
136
136
137
137
137
137
146
146
146
145
145
145
147
147
147
255
255
255
255
148
148
148
255
255
255
56
56
56
55
55
55
55
54
54
54
53
53
53
53
53
53
53
53
53
53
52
52
52
52
52
52
51
51
51
51
51
51
51
51
51
51
51
51
51
51
50
50
50
50
50
50
50
50
50
50
50
50
50
50
51
51
51
51
51
51
51
51
51
51
51
51
51
52
52
52
52
52
52
52
52
52
53
53
53
53
55
55
55
55
90
90
90
90
90
90
90
78
78
78
75
75
75
74
74
74
74
73
73
73
73
73
73
72
72
72
72
72
72
72
71
71
71
71
71
71
71
71
71
71
71
71
71
71
71
71
71
71
71
71
71
71
71
71
71
72
72
72
72
72
72
72
72
72
72
73
73
73
74
74
74
74
77
77
77
79
79
79
77
77
77
78
78
78
78
81
81
81
255
255
255
255
255
255
255
255
255
255
156
156
156
155
155
155
154
154
154
154
154
154
154
154
154
154
154
153
153
153
153
153
153
153
153
153
153
153
153
153
153
153
153
153
153
153
153
153
154
154
154
154
154
154
154
156
156
156
156
163
163
163
161
161
161
162
162
162
255
255
255
255
255
255
255
255
255
255
255
255
255
255
255
255
255
255
255
255
255
255
255
138
138
138
137
137
137
137
136
136
136
136
136
136
136
136
136
136
136
136
136
136
135
135
135
136
136
136
136
136
136
136
135
