134
134
24
24
24
134
134
134
134
134
134
134
134
134
134
134
134
134
134
134
134
134
134
134
134
134
134
134
134
134
134
134
134
134
134
134
134
134
134
135
135
135
135
135
135
135
135
135
135
136
136
136
147
147
147
147
144
144
144
147
147
147
255
255
255
57
57
57
57
56
56
56
54
54
54
54
54
54
53
53
53
53
53
53
53
52
52
52
52
52
52
52
51
51
51
51
51
51
51
51
51
51
51
51
51
51
51
51
51
51
51
50
50
50
50
50
50
50
50
50
50
51
51
51
51
51
51
51
51
51
51
51
51
51
52
52
52
52
52
52
52
52
52
52
53
53
53
54
54
54
57
57
57
91
91
91
91
91
91
91
90
90
90
76
76
76
75
75
75
75
74
74
74
74
74
74
73
73
73
73
73
73
72
72
72
72
72
72
72
72
72
72
72
72
72
72
72
72
72
72
72
72
72
72
72
72
72
72
72
73
73
73
73
73
73
74
74
74
74
75
75
75
77
77
77
79
79
79
78
78
78
78
78
78
78
81
81
81
82
82
82
255
255
255
255
158
158
158
157
157
157
156
156
156
155
155
155
155
154
154
154
154
154
154
153
153
153
153
153
153
153
153
153
153
153
153
153
153
153
153
153
153
153
153
153
154
154
154
154
154
154
154
155
155
155
159
159
159
161
161
161
163
163
163
163
255
255
255
163
163
163
255
255
255
255
255
255
255
255
255
255
255
255
255
255
255
255
255
255
255
138
138
138
138
137
137
137
136
136
136
136
136
136
136
135
135
135
135
135
135
135
135
135
135
135
135
135
135
135
135
