154
154
154
46
46
46
154
154
154
154
154
154
154
154
154
154
154
154
154
154
154
154
154
154
154
154
154
154
154
154
155
155
155
155
155
155
155
155
155
155
155
155
155
255
255
255
255
157
157
157
255
255
255
255
255
255
255
255
255
255
255
255
255
255
255
255
255
255
255
255
255
255
255
255
255
255
255
255
255
255
255
255
255
255
255
255
140
140
140
140
138
138
138
138
138
138
138
137
137
137
137
137
137
137
136
136
136
136
136
136
136
136
136
136
136
136
136
137
137
137
137
137
137
137
137
137
139
139
139
145
145
145
145
145
145
145
146
146
146
145
145
145
145
145
145
145
146
146
146
147
147
147
147
147
147
147
56
56
56
56
54
54
54
53
53
53
53
52
52
52
51
51
51
51
51
51
51
51
51
51
51
51
51
50
50
50
50
50
50
50
50
50
50
50
50
50
50
50
50
50
50
50
50
50
50
50
50
51
51
51
51
51
51
51
51
51
51
52
52
52
52
52
52
52
54
54
54
87
87
87
87
87
87
86
86
86
87
87
87
87
86
86
86
72
72
72
71
71
71
70
70
70
70
69
69
69
69
69
69
68
68
68
68
68
68
68
68
68
68
68
68
68
68
68
68
68
68
68
68
68
68
68
68
68
68
68
68
68
68
68
68
68
69
69
69
69
69
69
69
69
69
69
70
70
70
73
73
73
255
255
255
255
255
255
255
255
255
255
255
255
255
255
255
255
255
255
255
255
158
158
158
156
156
156
156
156
156
155
155
155
155
155
155
155
155
155
155
155
155
155
155
155
155
155
155
155
155
155
155
155
