175
175
175
61
61
61
61
176
176
176
176
176
176
176
176
176
176
176
176
176
176
176
176
176
176
176
176
176
176
176
176
176
176
177
177
177
177
177
177
177
177
255
255
255
255
255
255
255
255
255
255
255
255
255
255
255
255
33
33
33
33
31
31
31
31
31
31
31
31
30
30
30
30
29
29
29
29
28
28
28
28
28
28
28
28
28
28
28
28
28
27
27
27
27
27
27
27
27
27
27
27
27
26
26
26
26
26
26
26
26
26
26
26
26
26
26
26
26
26
27
27
27
27
27
27
27
27
27
27
27
27
27
28
28
28
28
28
28
28
28
30
30
30
30
30
31
31
31
31
34
34
34
34
34
34
34
34
34
34
34
34
32
32
32
32
31
31
31
31
31
31
31
31
31
30
30
30
30
30
30
30
30
30
30
30
30
30
30
30
30
30
30
30
30
30
30
30
30
30
30
30
30
30
30
30
30
30
30
30
30
30
31
31
31
31
32
32
32
32
32
32
32
32
33
33
33
33
34
34
34
34
55
55
55
55
54
54
54
54
54
54
54
54
53
53
53
53
52
52
52
52
52
51
51
51
51
51
51
51
51
50
50
50
50
50
50
50
50
50
50
50
50
50
50
50
50
51
51
51
51
51
51
51
51
51
51
51
51
50
50
50
50
51
51
51
51
51
51
51
51
52
52
52
52
52
53
53
53
53
54
54
54
54
255
255
255
255
255
255
255
255
255
255
255
255
255
255
255
255
178
178
178
178
177
177
177
177
177
177
177
177
177
177
177
177
177
176
176
176
176
176
176
176
176
176
176
176
176
176
176
