0.0
0.0
0.0
0.0
0.0
0.0
0.0
0.0
0.0
0.0
0.0
0.0
0.0
0.0
0.0
0.0
0.0
0.0
0.0
0.0
0.0
0.06666666666666667
0.26666666666666666
0.06666666666666667
0.13333333333333333
3.1333333333333333
24.2
23.666666666666668
16.666666666666668
17.333333333333332
21.4
10.133333333333333
6.0
2.8
1.9333333333333333
0.9333333333333333
0.2
0.6666666666666666
0.3333333333333333
0.0
0.3333333333333333
0.26666666666666666
0.26666666666666666
0.06666666666666667
0.0
0.0
0.0
0.0
0.4
2.466666666666667
9.2
20.8
14.466666666666667
7.2
3.6
1.7333333333333334
1.3333333333333333
0.7333333333333333
0.4
0.0
0.06666666666666667
0.06666666666666667
0.0
0.0
0.13333333333333333
0.0
0.0
0.06666666666666667
0.0
0.0
0.0
0.0
0.0
0.0
0.0
0.0
0.0
0.0
0.0
0.0
0.0
0.0
0.0
0.0
0.0
0.0
0.0
0.0
0.0
0.0
0.0
0.0
0.0
0.0
0.0
0.0
0.0
0.0
0.0
0.13333333333333333
0.2
0.0
0.06666666666666667
0.0
0.0
0.13333333333333333
0.0
0.2
0.0
0.0
0.0
0.0
0.0
0.0
0.0
0.0
0.0
0.0
0.3333333333333333
0.0
0.0
0.0
0.06666666666666667
0.26666666666666666
0.0
0.0
0.0
0.0
0.0
0.0
0.0
0.0
0.0
0.0
0.0
0.0
0.0
0.0
0.13333333333333333
0.13333333333333333
0.06666666666666667
0.0
0.0
0.06666666666666667
0.0
0.0
0.0
0.0
0.0
0.0
0.0
0.0
0.0
0.0
0.0
0.0
0.0
0.0
0.0
0.0
0.0
0.0
0.0
0.0
0.0
0.0
0.0
0.0
0.0
0.0
0.4666666666666667
0.0
0.0
0.0
0.0
0.0
0.0
5.866666666666666
8.333333333333334
3.6
1.4666666666666666
1.2666666666666666
1.7333333333333334
3.4
7.4
5.333333333333333
3.533333333333333
1.4
0.13333333333333333
0.5333333333333333
0.0
0.0
0.0
0.0
0.0
0.0
0.0
0.0
0.0
0.0
0.0
0.0
0.0
0.0
0.0
0.13333333333333333
0.0
0.0
0.0
0.5333333333333333
0.0
0.06666666666666667
0.0
0.0
0.0
0.0
0.0
0.0
0.0
0.0
0.0
0.0
0.0
0.0
0.0
0.0
0.0
0.0
0.0
0.0
0.13333333333333333
0.0
0.5333333333333333
0.06666666666666667
0.0
0.0
0.0
0.0
0.0
0.0
0.0
0.0
0.0
0.0
0.0
0.0
0.0
0.0
0.0
0.0
0.0
0.0
0.0
0.0
0.0
35.13333333333333
