0.0
0.0
0.0
0.0
0.0
0.0
0.0
0.0
0.0
0.0
0.0
0.0
0.0
0.0
0.0
0.0
0.0
0.0
0.0
0.0
0.0
0.06666666666666667
0.4666666666666667
0.13333333333333333
0.06666666666666667
0.06666666666666667
0.0
0.06666666666666667
0.0
0.0
0.0
0.0
0.0
0.0
0.0
0.0
0.0
0.0
0.0
0.0
0.0
0.0
0.0
0.0
0.0
0.0
0.13333333333333333
0.0
0.0
3.933333333333333
21.133333333333333
15.666666666666666
9.133333333333333
4.6
2.533333333333333
1.9333333333333333
1.6666666666666667
0.6666666666666666
0.0
0.13333333333333333
0.0
0.0
0.0
0.13333333333333333
0.06666666666666667
0.06666666666666667
0.06666666666666667
1.3333333333333333
6.733333333333333
4.6
4.466666666666667
8.0
13.8
5.6
3.0
1.4666666666666666
0.9333333333333333
1.1333333333333333
2.0
1.3333333333333333
1.4
0.3333333333333333
0.3333333333333333
0.13333333333333333
0.0
0.3333333333333333
0.9333333333333333
1.1333333333333333
0.8
1.2
2.4
1.8
0.13333333333333333
0.0
0.0
0.0
0.0
0.13333333333333333
0.0
0.13333333333333333
0.0
0.0
0.0
0.0
0.0
0.0
0.0
0.0
0.0
0.0
0.0
0.0
0.13333333333333333
0.0
0.0
0.0
0.2
0.0
0.13333333333333333
0.0
0.0
0.06666666666666667
0.0
0.13333333333333333
0.0
0.0
0.0
0.0
0.0
0.06666666666666667
0.13333333333333333
0.0
0.06666666666666667
0.2
10.466666666666667
19.333333333333332
7.866666666666666
6.8
3.2666666666666666
0.6666666666666666
0.26666666666666666
0.06666666666666667
0.13333333333333333
0.4
1.0
3.1333333333333333
3.533333333333333
1.8666666666666667
0.8666666666666667
0.13333333333333333
0.0
0.0
0.0
3.2666666666666666
5.333333333333333
9.4
7.933333333333334
3.0
1.5333333333333334
0.4
0.6
0.4
0.2
0.6666666666666666
0.26666666666666666
0.2
0.3333333333333333
0.06666666666666667
0.0
0.06666666666666667
0.4
0.0
0.06666666666666667
0.0
0.0
0.0
0.0
0.4666666666666667
0.4
0.4666666666666667
0.4666666666666667
0.2
0.0
0.26666666666666666
0.0
0.0
0.0
0.06666666666666667
0.06666666666666667
0.3333333333333333
0.0
0.26666666666666666
4.266666666666667
1.9333333333333333
0.06666666666666667
0.06666666666666667
0.13333333333333333
0.06666666666666667
0.0
0.0
0.0
0.0
0.0
0.0
0.0
0.26666666666666666
0.0
0.0
0.0
0.0
0.0
0.0
0.0
0.0
0.0
0.0
0.4666666666666667
0.0
0.0
0.26666666666666666
0.0
0.06666666666666667
0.2
0.0
0.13333333333333333
0.06666666666666667
0.0
0.0
0.0
0.0
0.26666666666666666
0.0
0.0
0.0
0.0
0.0
0.0
0.0
0.0
0.0
0.0
0.0
0.0
0.0
0.0
0.0
0.0
0.0
0.0
0.0
0.0
0.0
0.0
0.0
0.0
40.86666666666667
