0.0
0.0
0.0
0.0
0.0
0.0
0.0
0.0
0.0
0.0
0.0
0.0
0.0
0.0
0.0
0.0
0.13333333333333333
0.0
0.06666666666666667
0.0
0.0
0.0
0.5333333333333333
0.0
7.533333333333333
6.4
13.066666666666666
28.6
21.733333333333334
18.666666666666668
18.2
12.8
5.0
3.3333333333333335
1.7333333333333334
0.06666666666666667
0.0
0.13333333333333333
0.0
0.06666666666666667
0.06666666666666667
0.3333333333333333
0.13333333333333333
0.0
0.06666666666666667
0.0
0.0
0.06666666666666667
0.4
0.13333333333333333
10.066666666666666
14.333333333333334
11.8
8.266666666666667
5.4
2.8666666666666667
1.4666666666666666
0.06666666666666667
0.0
0.0
0.0
0.13333333333333333
0.06666666666666667
0.0
0.0
0.13333333333333333
0.13333333333333333
0.0
0.0
0.0
0.13333333333333333
0.0
0.0
0.0
0.0
0.0
0.0
0.0
0.0
0.0
0.0
0.0
0.0
0.0
0.0
0.0
0.0
0.0
0.0
0.0
0.0
0.0
0.0
0.0
0.0
0.0
0.0
0.0
0.0
0.06666666666666667
0.0
0.0
0.13333333333333333
0.0
0.2
0.0
0.0
0.3333333333333333
0.0
0.0
0.0
0.0
0.0
0.0
0.0
0.0
0.0
0.0
0.4666666666666667
0.0
0.0
0.06666666666666667
0.0
0.06666666666666667
0.0
0.0
0.0
0.0
0.0
0.0
0.0
0.0
0.0
0.0
0.0
0.0
0.0
0.06666666666666667
0.0
0.13333333333333333
0.0
0.0
0.0
0.0
0.0
0.0
0.0
0.0
0.0
0.0
0.0
0.0
0.06666666666666667
0.13333333333333333
0.0
0.0
0.0
0.0
0.0
0.0
0.0
0.0
0.0
0.0
0.0
0.0
0.0
0.0
0.0
0.0
0.13333333333333333
0.0
0.0
0.06666666666666667
0.13333333333333333
0.2
14.133333333333333
15.0
6.666666666666667
5.2
1.7333333333333334
1.4666666666666666
0.2
0.06666666666666667
0.06666666666666667
0.2
0.0
0.0
0.06666666666666667
0.06666666666666667
0.0
0.0
0.0
0.0
0.0
0.0
0.0
0.0
0.0
0.0
0.3333333333333333
0.6
0.3333333333333333
0.2
0.06666666666666667
0.6
0.0
0.0
0.0
0.0
0.0
0.0
0.0
0.0
0.0
0.0
0.0
0.0
0.0
0.0
0.0
0.06666666666666667
0.0
0.0
0.0
0.0
0.0
0.0
0.0
0.13333333333333333
0.6
0.0
0.0
0.0
0.0
0.0
0.0
0.0
0.06666666666666667
0.0
0.0
0.0
0.0
0.0
0.0
0.0
0.0
0.0
0.0
0.0
0.0
0.0
0.0
0.0
0.0
37.2
