24.0
0.0
0.0
0.0
0.0
0.0
0.0
0.0
0.0
0.0
0.0
0.0
0.0
0.0
0.0
0.0
0.0
0.0
0.0
0.0
0.0
0.06666666666666667
0.4666666666666667
0.0
0.0
0.0
1.6666666666666667
3.0
9.066666666666666
16.533333333333335
9.933333333333334
7.0
4.933333333333334
3.4
1.4
0.7333333333333333
0.8666666666666667
0.3333333333333333
1.0666666666666667
11.666666666666666
16.266666666666666
11.0
6.666666666666667
3.7333333333333334
3.2
1.2666666666666666
2.8
12.466666666666667
26.533333333333335
16.8
12.533333333333333
4.6
3.8666666666666667
2.466666666666667
1.0666666666666667
0.3333333333333333
0.06666666666666667
0.0
0.13333333333333333
0.0
0.0
0.06666666666666667
0.0
0.0
0.26666666666666666
0.06666666666666667
0.13333333333333333
0.0
0.0
0.0
0.0
0.0
0.0
0.0
0.0
0.0
0.0
0.0
0.0
0.0
0.0
0.0
0.0
0.0
0.0
0.0
0.0
0.0
0.0
0.0
0.0
0.0
0.0
0.0
0.0
0.0
0.0
0.0
0.0
0.0
0.0
0.0
0.0
0.0
0.0
0.06666666666666667
0.13333333333333333
0.3333333333333333
0.13333333333333333
0.2
0.0
0.0
0.0
0.0
0.0
0.0
0.0
0.0
0.0
0.0
0.0
0.0
0.0
0.0
0.0
0.0
0.0
0.0
0.0
0.0
0.0
0.0
0.0
0.0
0.0
0.0
0.0
0.0
0.0
0.0
0.0
0.0
0.0
0.0
0.0
0.0
0.0
0.0
0.0
0.0
0.0
0.0
0.0
0.0
0.0
0.0
0.0
0.0
0.0
0.0
0.2
0.06666666666666667
0.6
2.2
4.2
3.466666666666667
1.8666666666666667
0.6
0.26666666666666666
0.0
0.0
0.0
0.0
0.0
0.0
0.0
0.0
0.0
0.0
0.0
0.0
0.26666666666666666
0.2
0.0
0.0
0.0
0.0
0.0
0.0
0.0
0.0
0.0
0.0
0.0
0.0
0.06666666666666667
0.0
0.06666666666666667
0.0
0.0
0.0
0.0
0.0
0.0
0.0
0.0
0.0
0.0
0.0
0.0
0.0
0.0
0.26666666666666666
0.6666666666666666
3.466666666666667
4.733333333333333
1.8666666666666667
0.13333333333333333
0.0
0.0
0.0
0.0
0.0
0.0
0.0
0.06666666666666667
0.06666666666666667
0.0
0.0
0.5333333333333333
0.0
0.0
0.0
0.0
0.0
0.0
0.0
0.0
0.0
0.0
0.0
0.0
0.5333333333333333
0.0
0.0
0.0
0.0
0.0
0.0
0.0
0.0
0.0
0.0
0.0
0.0
40.733333333333334
