0.0
0.0
0.0
0.0
0.0
0.0
0.0
0.0
0.0
0.0
0.0
0.0
0.0
0.0
0.0
0.0
0.0
0.0
0.0
0.0
0.0
0.0
0.3333333333333333
0.06666666666666667
0.0
0.06666666666666667
19.533333333333335
17.733333333333334
11.866666666666667
7.2
6.666666666666667
2.8
2.8
0.7333333333333333
0.4
0.13333333333333333
0.0
0.0
0.0
0.0
0.0
0.0
0.0
0.0
0.0
0.0
0.0
0.0
0.0
0.0
0.06666666666666667
0.13333333333333333
0.06666666666666667
0.06666666666666667
0.6
0.0
0.0
0.0
0.0
0.0
0.0
0.0
0.0
0.0
0.06666666666666667
0.13333333333333333
0.0
0.0
0.06666666666666667
0.0
0.2
0.06666666666666667
0.0
0.0
0.0
0.0
0.0
0.0
0.0
0.0
17.466666666666665
28.266666666666666
11.066666666666666
8.666666666666666
3.933333333333333
1.5333333333333334
0.8666666666666667
0.26666666666666666
0.3333333333333333
0.3333333333333333
0.0
0.0
0.0
0.0
0.0
0.0
0.0
0.06666666666666667
0.13333333333333333
0.0
0.0
0.0
0.0
0.0
0.0
0.13333333333333333
0.0
0.0
0.0
0.0
0.0
0.0
0.0
0.0
0.0
0.0
0.0
0.0
0.0
0.0
0.0
0.0
0.0
0.5333333333333333
5.4
6.066666666666666
6.0
7.466666666666667
5.466666666666667
3.7333333333333334
1.2
2.0
1.6666666666666667
1.0666666666666667
0.6
2.0
4.866666666666666
3.3333333333333335
6.266666666666667
1.6
3.1333333333333333
0.26666666666666666
0.2
0.06666666666666667
0.0
0.0
0.0
0.0
0.0
0.0
0.0
0.0
0.0
0.0
0.0
0.0
0.0
0.0
0.0
0.0
0.06666666666666667
0.0
0.0
0.0
0.0
0.0
0.0
0.0
0.0
0.06666666666666667
0.0
0.2
0.06666666666666667
0.13333333333333333
0.06666666666666667
0.0
0.0
0.3333333333333333
0.0
0.06666666666666667
0.2
0.0
0.0
0.0
0.0
0.0
0.0
0.0
0.0
0.0
0.0
0.0
0.0
0.0
0.0
0.9333333333333333
3.0
1.8666666666666667
7.4
1.8
0.6666666666666666
0.4
0.0
0.0
0.0
0.0
0.0
0.0
0.0
0.0
0.0
0.0
0.06666666666666667
0.13333333333333333
0.13333333333333333
0.13333333333333333
0.4
0.3333333333333333
0.13333333333333333
0.2
0.0
0.0
0.0
0.0
0.0
0.0
0.0
0.06666666666666667
0.0
0.06666666666666667
0.0
0.0
0.0
0.0
0.0
0.0
0.26666666666666666
0.2
0.0
0.0
0.0
0.0
0.06666666666666667
0.0
0.0
0.0
0.0
0.0
0.0
0.0
0.0
0.0
0.0
0.0
0.0
53.2
