70
70
70
70
70
70
70
70
70
70
70
70
70
70
70
70
70
70
70
70
70
70
70
70
70
70
70
70
70
70
70
69
69
69
69
69
69
69
68
68
68
68
68
68
68
68
68
68
68
68
68
68
68
68
68
68
68
68
68
68
68
68
68
68
68
68
68
68
68
68
69
69
69
69
69
69
69
70
70
70
72
72
72
73
73
73
73
76
76
76
255
255
255
255
255
255
255
255
255
255
255
255
255
255
255
255
255
255
255
255
255
255
255
255
255
255
255
255
255
157
157
157
157
157
157
157
156
156
156
156
156
156
156
156
156
156
156
156
156
157
157
157
157
157
157
157
157
157
157
157
157
157
158
158
158
158
160
160
160
160
255
255
255
180
180
180
255
255
255
180
180
180
180
255
255
255
255
255
255
255
255
255
255
255
255
255
255
255
255
255
255
255
138
138
138
137
137
137
137
136
136
136
136
136
136
136
136
136
136
136
136
136
136
136
136
136
136
136
136
136
136
138
138
138
138
146
146
146
144
144
144
144
144
144
145
145
145
145
145
145
145
145
145
145
144
144
144
144
22
22
22
146
146
146
146
147
147
147
147
54
54
54
54
53
53
53
52
52
52
51
51
51
50
50
50
50
50
50
50
50
50
50
49
49
49
49
49
49
49
49
49
49
49
49
49
49
49
49
49
49
49
49
49
49
49
49
49
49
49
49
49
50
50
50
50
50
50
50
51
51
51
51
51
51
51
52
52
52
53
53
53
54
54
54
86
86
86
86
86
86
86
85
85
85
85
85
85
75
75
75
75
73
73
73
73
73
73
73
73
73
