25
25
25
25
25
25
25
25
25
25
25
25
25
25
25
25
25
25
25
25
25
25
25
25
25
25
25
25
25
25
25
25
25
25
25
25
25
25
25
25
25
25
25
25
25
25
25
25
25
25
25
25
25
25
25
25
25
25
25
25
25
25
25
25
25
25
25
25
25
25
25
25
25
26
26
26
27
27
27
27
27
27
27
27
28
28
28
30
30
30
255
255
255
255
255
255
255
255
255
255
255
255
255
155
155
155
128
128
128
128
126
126
126
125
125
125
125
125
125
125
125
125
125
125
125
125
125
125
125
125
125
125
125
125
125
125
125
125
125
126
126
126
137
137
137
131
131
131
129
129
129
137
137
137
137
135
135
135
136
136
136
136
136
136
136
137
137
137
137
137
137
138
138
138
255
255
255
255
255
255
255
255
255
255
255
255
255
255
255
255
255
255
255
255
255
255
255
255
255
255
255
255
255
255
255
255
255
255
255
255
255
255
255
255
255
255
255
255
255
255
255
255
255
255
255
255
255
255
255
255
255
255
255
255
255
255
216
216
216
216
215
215
215
214
214
214
214
214
214
214
214
214
214
214
214
214
214
83
83
83
82
82
82
82
81
81
81
81
81
81
80
80
80
80
80
80
80
80
80
80
80
79
79
79
79
79
79
79
79
79
79
79
79
79
79
79
79
79
79
79
79
79
79
79
80
80
80
80
80
80
81
81
81
81
81
81
81
81
87
87
87
87
84
84
84
31
31
31
30
30
30
30
28
28
28
29
29
29
28
28
28
28
28
28
27
27
27
27
27
27
27
27
27
27
27
27
27
26
26
26
