49
49
49
49
49
49
49
49
49
49
49
49
49
49
49
49
49
49
49
49
49
49
49
49
49
49
49
49
49
49
49
49
49
49
49
48
48
48
48
48
48
48
49
49
49
49
49
49
49
49
49
49
49
49
49
49
49
49
50
50
50
50
50
50
50
51
51
51
52
52
52
53
53
53
53
54
54
54
255
255
255
255
255
255
255
255
255
255
255
255
255
255
255
255
255
255
255
255
255
255
255
255
255
255
255
255
255
255
255
255
255
178
178
178
178
178
178
178
178
178
178
178
178
178
181
181
181
184
184
184
182
182
182
179
179
179
179
179
179
179
179
179
179
180
180
180
182
182
182
182
255
255
255
34
34
34
34
34
34
34
32
32
32
32
22
22
22
30
30
30
30
31
31
31
30
30
30
29
29
29
29
29
29
29
29
29
29
29
29
29
28
28
28
28
28
28
28
28
28
28
28
28
28
28
28
28
28
28
28
28
28
28
28
28
28
28
28
29
29
29
29
29
29
29
29
29
29
29
29
29
30
30
30
31
31
31
30
30
30
30
31
31
31
30
30
30
29
29
29
29
28
28
28
27
27
27
27
27
27
27
27
27
27
27
26
26
26
26
25
25
25
26
26
26
26
26
26
25
25
25
25
25
25
25
25
25
25
25
25
25
25
25
25
25
25
25
25
25
26
26
26
26
26
26
26
27
27
27
27
27
27
28
28
28
28
29
29
29
29
29
29
30
30
30
53
53
53
53
53
53
53
52
52
52
51
51
51
51
51
51
51
50
50
50
50
50
50
50
50
50
50
50
50
50
50
50
50
50
50
50
