255
255
255
255
255
255
255
255
255
255
255
255
255
255
255
255
255
255
255
255
255
255
255
255
255
255
255
255
255
255
255
255
126
126
126
124
124
124
124
123
123
123
123
123
123
122
122
122
122
122
122
122
122
122
122
122
122
122
122
122
122
122
122
123
123
123
123
123
123
123
123
123
123
124
124
124
133
133
133
133
133
133
133
133
133
133
134
134
134
134
134
134
134
134
134
134
135
135
135
137
137
137
137
255
255
255
255
255
255
255
255
255
255
255
255
255
255
255
255
255
255
255
255
255
255
255
255
255
255
255
255
255
255
255
255
255
255
255
255
255
255
255
255
255
255
255
255
255
255
255
255
255
255
255
255
22
22
22
22
22
22
22
22
22
22
217
217
217
217
216
216
216
216
216
216
215
215
215
215
215
215
215
215
215
215
87
87
87
85
85
85
85
84
84
84
83
83
83
82
82
82
82
82
82
82
82
82
82
82
82
82
81
81
81
81
81
81
81
81
81
81
81
81
81
81
81
81
81
82
82
82
82
82
82
82
82
82
82
83
83
83
83
83
83
255
255
255
89
89
89
89
22
22
22
31
31
31
31
31
31
29
29
29
29
29
29
29
29
29
29
28
28
28
28
28
28
28
27
27
27
27
27
27
27
27
27
27
27
27
27
26
26
26
27
27
27
27
27
27
27
27
27
27
27
27
27
27
27
27
27
27
27
27
27
27
27
27
27
27
27
27
27
28
28
28
29
29
29
29
29
29
29
29
29
29
30
30
30
30
31
31
31
31
31
31
32
32
32
32
32
32
32
255
255
255
255
255
255
255
255
