51
51
51
51
51
51
51
51
51
51
51
51
51
51
51
51
51
51
51
51
51
51
51
51
51
51
51
51
51
51
51
51
51
51
51
51
51
50
50
50
50
50
50
50
51
51
51
51
51
51
51
51
51
51
51
51
51
51
51
51
52
52
52
52
52
52
52
53
53
53
54
54
54
55
55
55
31
31
31
31
29
29
29
28
28
28
28
28
28
28
27
27
27
27
27
27
26
26
26
25
25
25
25
26
26
26
25
25
25
25
25
25
25
25
25
25
25
25
25
25
25
25
25
25
24
24
24
24
24
24
24
24
24
25
25
25
25
25
25
25
25
25
25
25
25
25
26
26
26
26
26
26
26
27
27
27
26
26
26
33
33
33
33
38
38
38
29
29
29
28
28
28
28
28
28
28
28
28
28
27
27
27
27
27
27
27
27
27
27
27
27
27
26
26
26
26
26
26
26
26
25
25
25
26
26
26
26
26
26
26
26
26
26
26
26
26
26
26
26
26
26
26
26
27
27
27
27
27
27
28
28
28
28
28
28
28
30
30
30
29
29
29
29
29
29
29
22
22
22
255
255
255
255
255
255
255
255
255
255
255
255
255
255
255
255
255
255
255
255
180
180
180
179
179
179
179
179
179
179
179
179
179
179
179
179
180
180
180
185
185
185
185
184
184
184
186
186
186
187
187
187
186
186
186
186
185
185
185
186
186
186
186
187
187
187
255
255
255
255
255
255
255
255
58
58
58
56
56
56
56
54
54
54
54
54
54
53
53
53
53
53
53
53
53
53
53
53
53
53
53
53
53
52
52
52
52
52
52
52
52
