184
184
184
178
178
178
178
178
178
184
184
184
184
184
184
184
184
184
184
184
184
184
185
185
185
185
185
185
185
181
181
181
182
182
182
183
183
183
183
183
183
183
184
184
184
183
183
183
183
183
183
183
183
183
183
185
185
185
185
185
185
185
255
255
255
255
255
56
56
56
56
54
54
54
53
53
53
52
52
52
52
52
52
52
52
52
52
51
51
51
51
51
51
51
51
51
51
51
51
51
50
50
50
50
50
50
50
50
50
50
50
50
50
50
50
50
50
50
50
50
50
50
50
51
51
51
51
51
51
51
52
52
52
52
52
52
52
52
52
35
35
35
35
34
34
34
34
34
34
32
32
32
31
31
31
31
31
31
31
30
30
30
29
29
29
29
29
29
29
28
28
28
29
29
29
28
28
28
28
28
28
28
28
28
28
28
28
28
28
28
28
28
28
28
28
28
28
28
28
28
28
28
28
28
28
28
28
28
28
28
28
29
29
29
29
29
29
29
29
29
29
30
30
30
31
31
31
31
30
30
30
30
30
30
30
30
30
29
29
29
29
29
29
29
28
28
28
28
28
28
28
28
28
28
28
28
28
22
22
22
22
26
26
26
26
26
26
26
26
26
26
26
26
26
26
26
26
26
26
26
26
26
26
26
27
27
27
27
27
27
28
28
28
28
28
28
28
28
28
28
29
29
29
30
30
30
30
30
30
30
31
31
31
32
32
32
255
255
255
255
255
255
255
255
255
255
255
255
255
255
255
255
255
255
255
255
255
255
255
255
178
178
178
178
177
177
177
177
177
177
177
177
177
177
177
177
177
177
177
177
