26
26
26
26
26
26
26
26
26
26
26
26
26
26
26
26
26
26
26
26
26
26
26
26
26
26
26
26
26
26
26
26
25
25
25
25
25
25
25
25
25
25
25
25
25
25
25
25
25
25
25
25
25
25
25
25
25
25
26
26
26
26
26
26
26
27
27
27
27
27
27
27
27
27
27
28
28
28
28
28
28
29
29
29
28
28
28
28
28
28
28
28
28
28
27
27
27
26
26
26
26
27
27
27
26
26
26
25
25
25
25
25
25
25
26
26
26
26
26
26
26
26
26
26
25
25
25
25
25
25
25
25
25
25
26
26
26
25
25
25
26
26
26
27
27
27
26
26
26
26
27
27
27
27
27
27
27
28
28
28
27
27
27
30
30
30
30
30
30
30
55
55
55
55
54
54
54
53
53
53
53
53
53
53
53
53
52
52
52
52
52
52
52
52
52
52
52
52
52
52
52
52
52
52
52
52
52
52
52
52
52
52
52
52
52
52
52
52
52
52
52
52
52
53
53
53
53
53
53
54
54
54
55
55
55
55
55
55
55
57
57
57
255
255
255
22
22
22
22
22
22
22
255
255
255
255
255
255
22
22
22
255
255
255
255
255
255
255
255
179
179
179
178
178
178
178
178
178
178
178
178
178
179
179
179
255
255
255
255
255
255
255
178
178
178
178
178
178
178
178
178
179
179
179
179
181
181
181
255
255
255
255
255
255
255
255
255
255
32
32
32
30
30
30
29
29
29
29
29
29
29
28
28
28
28
28
28
28
27
27
27
27
27
27
27
27
27
26
26
26
26
26
26
26
26
26
26
27
27
27
