27
27
27
27
27
27
27
27
27
27
27
27
27
27
27
27
27
27
27
27
27
27
27
27
27
27
27
27
27
27
27
27
27
27
27
28
28
28
28
28
28
28
28
28
28
28
28
29
29
29
29
32
32
32
255
255
255
255
255
255
255
255
255
255
255
255
255
255
255
255
255
255
255
255
178
178
178
178
178
178
178
177
177
177
177
177
177
177
177
177
177
177
177
177
185
185
185
186
186
186
183
183
183
183
182
182
182
184
184
184
185
185
185
185
185
185
185
184
184
184
184
184
184
184
185
185
185
255
255
255
58
58
58
57
57
57
57
56
56
56
55
55
55
54
54
54
53
53
53
53
53
53
53
52
52
52
52
52
52
51
51
51
51
51
51
51
52
52
52
51
51
51
51
51
51
51
51
51
51
51
51
51
51
51
51
52
52
52
52
52
52
52
52
52
52
52
53
53
53
53
53
53
55
55
55
59
59
59
59
32
32
32
32
32
32
31
31
31
30
30
30
30
30
30
30
28
28
28
28
28
28
28
28
28
28
28
28
28
28
27
27
27
27
27
27
27
27
27
27
27
27
27
27
27
27
27
27
27
27
27
27
27
27
27
27
27
27
27
27
27
27
27
27
28
28
28
28
28
28
28
29
29
29
29
29
29
29
29
29
29
29
29
29
29
29
29
29
29
29
28
28
28
28
28
28
28
27
27
27
27
27
27
27
27
27
27
27
27
27
26
26
26
26
26
26
26
26
26
26
26
26
26
26
26
26
26
26
26
26
26
26
26
26
26
26
26
26
26
26
26
26
26
26
26
26
26
26
26
26
26
