155
155
45
45
45
155
155
155
155
155
155
155
155
155
155
155
155
155
155
155
155
155
155
155
155
155
155
155
154
154
154
154
154
154
154
154
154
154
154
154
154
154
154
154
154
154
154
154
154
154
154
154
155
155
155
155
155
155
155
155
155
155
156
156
156
255
255
255
255
255
255
255
255
255
255
255
255
255
255
177
177
177
177
255
255
255
179
179
179
255
255
255
255
255
255
180
180
180
180
255
255
255
255
255
255
138
138
138
136
136
136
136
136
136
136
136
136
136
136
136
136
135
135
135
135
135
135
135
135
135
135
135
135
135
135
136
136
136
136
136
136
136
136
136
136
138
138
138
138
145
145
145
146
146
146
145
145
145
145
145
145
145
146
146
146
22
22
22
147
147
147
147
149
149
149
55
55
55
54
54
54
54
53
53
53
53
53
53
52
52
52
52
52
52
52
51
51
51
51
51
51
51
51
51
51
51
51
51
51
51
51
51
51
51
51
51
51
51
51
51
51
51
51
51
51
52
52
52
52
52
52
53
53
53
54
54
54
54
54
54
54
55
55
55
57
57
57
87
87
87
87
87
87
87
87
87
87
72
72
72
72
71
71
71
70
70
70
70
70
70
69
69
69
69
69
69
69
68
68
68
68
68
68
68
68
68
68
68
68
68
68
68
68
68
68
68
68
68
68
68
68
69
69
69
69
69
69
69
69
69
69
70
70
70
71
71
71
71
71
71
75
75
75
75
255
255
255
255
255
255
255
255
255
255
255
255
255
255
255
255
255
255
255
255
255
255
255
255
255
255
255
255
255
255
255
255
255
255
255
255
