175
175
175
65
65
65
175
175
175
175
175
175
175
175
175
175
175
175
175
175
175
175
175
175
175
175
175
175
175
175
175
175
178
178
178
181
181
181
180
180
180
180
177
177
177
176
176
176
177
177
177
177
177
177
177
255
255
255
255
255
255
32
32
32
32
32
32
32
32
30
30
30
29
29
29
29
28
28
28
28
28
28
28
28
28
27
27
27
27
27
27
27
27
27
27
27
26
26
26
26
26
26
26
26
26
26
26
26
26
26
26
26
26
26
26
26
26
26
26
26
26
26
26
26
26
26
26
26
26
26
27
27
27
27
27
27
28
28
28
28
28
28
28
30
30
30
30
30
30
35
35
35
35
32
32
32
31
31
31
31
31
31
31
30
30
30
30
30
30
29
29
29
29
29
29
29
29
29
29
28
28
28
28
28
28
28
28
28
28
28
28
28
28
28
28
28
28
28
29
29
29
29
29
29
29
29
29
29
29
29
29
29
29
29
29
29
29
29
30
30
30
31
31
31
31
32
32
32
32
32
32
56
56
56
55
55
55
55
54
54
54
53
53
53
53
53
53
52
52
52
52
52
52
52
51
51
51
51
51
51
51
51
51
51
51
51
51
51
51
51
50
50
50
51
51
51
51
51
51
51
51
51
51
51
51
51
52
52
52
52
52
52
52
52
52
52
53
53
53
53
53
53
53
55
55
55
255
255
255
255
255
255
255
255
255
255
255
255
255
255
255
255
255
255
255
255
179
179
179
178
178
178
177
177
177
178
178
178
178
181
181
181
182
182
182
255
255
255
255
255
255
255
255
255
255
255
255
255
255
255
