255
255
255
255
255
255
255
255
255
255
255
255
255
255
255
255
255
255
255
255
255
255
255
255
255
255
255
255
255
255
255
255
32
32
32
30
30
30
30
29
29
29
29
29
29
29
28
28
28
27
27
27
27
27
27
27
26
26
26
26
26
26
25
25
25
25
25
25
25
26
26
26
26
26
26
25
25
25
25
25
25
25
25
25
25
25
25
25
26
26
26
26
26
26
26
27
27
27
27
27
27
27
27
27
27
28
28
28
29
29
29
30
30
30
52
52
52
52
46
46
46
47
47
47
45
45
45
45
45
45
45
44
44
44
44
44
44
43
43
43
43
42
42
42
42
42
42
42
42
42
42
42
42
42
42
42
42
42
42
42
42
42
42
42
42
42
42
42
42
42
42
42
42
42
42
42
43
43
43
43
43
43
43
44
44
44
44
44
44
45
45
45
47
47
47
47
69
69
69
69
69
69
57
57
57
55
55
55
55
54
54
54
53
53
53
53
53
53
52
52
52
52
52
52
52
51
51
51
51
51
51
51
51
51
51
51
51
51
51
51
51
51
51
51
51
51
51
51
22
22
22
51
51
51
51
51
51
51
52
52
52
52
52
52
53
53
53
54
54
54
54
214
214
214
214
213
213
213
213
213
213
213
213
213
213
213
213
213
213
213
213
213
213
213
213
166
166
166
165
165
165
164
164
164
164
164
164
164
164
164
164
164
164
164
164
164
164
164
164
164
164
163
163
163
163
163
163
163
164
164
164
164
164
164
164
164
164
164
164
164
164
165
165
165
165
166
166
166
255
255
255
255
255
255
255
255
255
255
255
255
