58
58
56
56
56
255
255
255
255
255
255
255
58
58
58
57
57
57
56
56
56
56
56
56
56
55
55
55
55
55
55
55
54
54
54
54
54
54
53
53
53
52
52
52
52
52
52
52
51
51
51
51
51
51
50
50
50
50
50
50
50
50
50
50
50
50
50
50
50
50
50
50
50
50
50
50
50
50
50
50
50
50
50
50
50
50
50
51
51
51
51
51
51
51
51
51
51
52
52
52
53
53
53
53
53
53
53
38
38
38
36
36
36
36
36
36
35
35
35
35
34
34
34
33
33
33
33
33
33
32
32
32
32
32
32
32
31
31
31
31
31
31
31
31
31
31
31
31
31
31
31
31
30
30
30
30
30
30
31
31
31
31
22
22
22
22
22
22
31
31
31
31
31
31
31
32
32
32
32
32
32
32
32
32
32
32
32
32
32
32
32
32
32
32
32
32
32
32
32
30
30
30
30
30
30
29
29
29
29
29
29
28
28
28
28
28
28
28
28
28
28
27
27
27
27
27
27
27
27
27
27
27
27
27
27
27
27
27
27
27
27
27
27
27
27
27
27
27
27
27
28
28
28
28
22
22
22
29
29
29
28
28
28
29
29
29
29
29
29
29
29
29
29
31
31
31
31
31
31
31
255
255
255
255
255
255
255
255
255
255
255
255
255
255
255
255
255
255
255
255
255
255
255
255
255
255
255
255
255
184
184
184
184
185
185
185
186
186
186
185
185
185
183
183
183
183
184
184
184
185
185
185
185
185
185
185
185
185
185
185
185
185
185
185
185
184
184
184
184
184
184
184
184
185
185
185
185
185
185
185
