26
26
26
26
26
26
26
26
26
26
26
26
26
26
26
26
26
26
26
26
26
26
26
26
26
26
26
26
26
26
26
25
25
25
25
25
25
25
25
25
25
25
25
25
25
25
25
25
25
25
25
25
25
25
25
25
25
25
25
25
26
26
26
26
26
26
26
26
26
26
26
26
26
28
28
28
28
28
28
28
28
28
28
29
29
29
30
30
30
30
255
255
255
255
255
255
255
255
255
255
255
255
255
255
255
255
255
255
255
255
255
255
255
178
178
178
177
177
177
177
177
177
177
177
177
177
177
177
177
187
187
187
183
183
183
183
183
183
183
185
185
185
185
185
185
185
184
184
184
184
184
184
185
185
185
186
186
186
186
187
187
187
255
255
255
255
255
255
255
255
255
255
255
255
255
56
56
56
55
55
55
55
55
55
55
54
54
54
53
53
53
53
53
53
53
53
53
53
52
52
52
52
52
52
52
52
52
52
52
52
52
52
52
52
52
52
52
52
52
52
52
53
53
53
53
53
53
53
53
53
53
54
54
54
55
55
55
57
57
57
61
61
61
61
32
32
32
31
31
31
30
30
30
30
30
30
30
28
28
28
28
28
28
28
28
28
28
28
28
28
27
27
27
27
27
27
27
27
27
27
26
26
26
26
26
26
26
26
26
26
26
26
26
26
26
26
26
26
26
27
27
27
27
27
27
27
27
27
27
28
28
28
28
28
28
28
28
28
28
30
30
30
30
30
30
30
30
30
30
29
29
29
29
29
29
28
28
28
28
28
28
28
28
28
28
27
27
27
27
27
27
27
27
27
27
27
27
27
27
27
