126
126
126
126
126
126
126
126
126
126
126
126
126
126
125
125
125
125
125
125
125
125
125
125
125
125
125
125
125
125
125
126
126
126
126
126
126
126
126
126
126
126
126
126
126
126
126
136
136
136
136
136
136
136
136
255
255
255
255
137
137
137
137
137
255
255
255
255
255
255
255
255
255
255
255
255
255
255
255
255
255
255
255
255
255
255
255
255
255
255
255
255
255
255
255
255
255
255
255
255
255
255
255
255
255
255
255
255
255
255
255
255
255
255
255
255
255
255
255
255
255
255
255
255
255
255
255
255
255
255
255
255
255
255
255
255
255
255
255
255
255
255
255
255
255
255
255
255
255
255
255
255
255
255
255
255
255
255
255
255
255
255
22
22
22
22
86
86
86
86
85
85
85
85
84
84
84
84
84
84
84
84
84
84
84
84
83
83
83
83
83
83
83
83
83
83
83
83
83
83
83
83
83
84
84
84
84
84
84
84
84
85
85
85
85
92
92
92
92
89
89
89
89
89
89
89
89
32
32
32
32
32
30
30
30
30
29
29
29
29
29
29
29
29
28
28
28
28
27
27
27
27
26
26
26
26
26
26
26
26
26
26
26
26
26
26
26
26
26
26
26
26
26
26
26
26
26
26
26
26
26
26
26
26
26
26
26
26
26
27
27
27
27
27
27
27
27
27
27
27
27
27
28
28
28
28
28
28
28
28
30
30
30
30
31
31
31
31
131
131
131
131
129
129
129
129
128
128
128
128
127
127
127
127
127
127
127
127
128
128
128
128
130
130
130
130
130
130
130
130
130
130
130
130
130
128
128
128
128
126
