49
49
49
49
49
49
49
49
49
49
49
49
49
49
49
49
49
49
49
49
49
49
49
49
49
49
49
49
49
49
49
49
49
49
49
49
49
49
49
49
49
49
49
49
49
50
50
50
50
50
50
50
51
51
51
52
52
52
52
52
52
52
213
213
213
213
213
213
212
212
212
212
212
212
212
212
212
212
213
213
213
213
213
213
167
167
167
166
166
166
166
165
165
165
165
165
165
165
165
165
164
164
164
164
164
164
164
164
164
164
164
164
164
164
164
164
164
164
164
164
164
164
164
164
164
165
165
165
165
166
166
166
255
255
255
255
255
255
255
255
255
255
255
255
255
255
255
255
34
34
34
34
32
32
32
32
32
32
31
31
31
30
30
30
30
30
30
30
29
29
29
29
29
29
29
28
28
28
28
28
28
28
28
28
28
28
28
28
28
28
28
28
28
28
28
28
28
28
28
28
28
28
28
28
28
28
28
29
29
29
29
29
29
29
30
30
30
31
31
31
31
31
31
41
41
41
41
46
46
46
34
34
34
46
46
46
44
44
44
44
42
42
42
42
42
42
42
42
42
42
42
42
42
42
42
42
41
41
41
41
41
41
41
41
41
41
41
41
41
41
41
41
41
41
41
41
41
41
41
41
41
41
41
41
41
41
41
42
42
42
42
42
42
43
43
43
43
43
43
43
44
44
44
45
45
45
46
46
46
46
56
56
56
54
54
54
52
52
52
52
52
52
52
51
51
51
51
51
51
50
50
50
50
50
50
50
50
50
50
49
49
49
49
49
49
49
49
49
49
49
49
49
49
49
49
49
49
49
49
49
