255
255
255
255
255
255
255
255
255
255
255
255
255
255
255
255
255
255
255
255
255
255
255
255
255
255
255
255
255
255
255
255
255
255
255
255
255
255
255
255
255
255
255
84
84
84
83
83
83
83
83
83
83
83
83
82
82
82
81
81
81
81
81
81
81
81
81
81
81
81
81
81
81
81
81
81
81
81
81
81
81
82
82
82
82
82
82
82
83
83
83
83
83
83
83
84
84
84
85
85
85
87
87
87
33
33
33
33
32
32
32
31
31
31
31
31
31
31
30
30
30
29
29
29
29
29
29
29
29
29
29
28
28
28
27
27
27
27
27
27
27
27
27
27
27
27
27
27
27
27
27
27
27
27
27
27
27
27
27
27
22
22
22
22
22
22
27
27
27
27
27
27
27
28
28
28
28
28
28
28
29
29
29
30
30
30
30
30
30
31
31
31
31
31
33
33
33
133
133
133
132
132
132
131
131
131
130
130
130
130
130
130
130
133
133
133
132
132
132
129
129
129
129
128
128
128
127
127
127
127
127
127
127
127
127
127
128
128
128
128
128
128
128
128
128
129
129
129
129
255
255
255
255
255
255
22
22
22
22
255
255
255
255
255
255
255
255
255
255
255
255
255
255
255
255
255
255
255
255
255
255
255
255
255
255
255
255
255
255
255
255
255
255
255
255
255
255
255
255
255
255
255
255
255
255
255
255
255
255
255
255
255
255
255
255
255
255
255
255
255
255
255
255
255
255
255
255
255
255
255
255
255
255
255
255
255
255
255
255
255
255
255
255
255
255
255
255
255
255
255
255
255
255
255
255
255
255
255
255
255
