255
255
255
255
255
255
255
255
255
255
255
255
255
255
255
255
255
255
255
255
255
255
255
255
255
255
255
255
255
255
255
255
255
255
255
255
255
255
255
255
255
255
255
255
255
255
217
217
217
216
216
216
216
215
215
215
215
215
215
215
215
215
85
85
85
85
84
84
84
82
82
82
82
82
82
82
81
81
81
81
81
81
81
81
81
81
81
81
81
81
81
80
80
80
81
81
81
81
81
81
81
81
81
81
81
81
81
81
81
81
81
82
82
82
82
82
82
83
83
83
83
83
83
83
85
85
85
33
33
33
31
31
31
30
30
30
30
30
30
30
30
28
28
28
28
28
28
28
27
27
27
27
27
27
27
27
27
27
27
27
27
26
26
26
26
25
25
25
25
25
25
25
26
26
26
26
26
26
26
26
26
26
25
25
25
25
25
25
26
26
26
26
26
26
26
26
26
26
26
26
26
26
26
26
26
26
28
28
28
28
28
28
29
29
29
29
29
29
29
31
31
31
129
129
129
127
127
127
126
126
126
126
125
125
125
125
125
125
129
129
129
128
128
128
128
126
126
126
124
124
124
123
123
123
123
22
22
22
124
124
124
127
127
127
127
124
124
124
124
124
124
125
125
125
134
134
134
134
134
134
134
134
134
134
135
135
135
134
134
134
134
135
135
135
135
135
135
136
136
136
137
137
137
137
255
255
255
255
255
255
255
255
255
255
255
255
255
255
255
255
255
255
255
255
255
255
255
255
255
255
255
255
255
255
255
255
255
255
255
255
255
255
255
255
255
255
255
255
255
255
255
255
255
255
255
255
255
255
255
255
