31
31
31
31
31
31
31
31
31
31
31
31
31
31
31
30
30
30
30
30
30
30
30
30
30
30
30
30
30
30
30
29
29
29
29
29
29
29
29
29
29
29
28
28
28
28
28
28
27
27
27
27
27
27
27
27
26
26
26
26
26
26
26
26
26
26
26
26
26
26
26
26
26
26
26
26
26
26
26
26
26
26
26
26
26
26
26
26
27
27
27
27
27
27
27
27
27
27
27
27
27
29
29
29
28
28
28
28
30
30
30
30
30
30
31
31
31
255
255
255
255
255
255
255
255
255
255
255
255
255
255
255
255
255
255
255
255
255
255
255
187
187
187
186
186
186
187
187
187
187
187
187
187
187
187
187
184
184
184
184
184
184
184
22
22
22
186
186
186
185
185
185
184
184
184
184
185
185
185
186
186
186
188
188
188
255
255
255
255
255
255
255
255
255
255
255
255
255
55
55
55
55
54
54
54
53
53
53
53
53
53
53
53
53
53
52
52
52
52
52
52
51
51
51
51
51
51
51
51
51
51
51
51
51
51
51
51
51
51
51
51
51
51
51
52
52
52
52
52
52
52
52
52
52
53
53
53
22
22
22
54
54
54
54
55
55
55
37
37
37
36
36
36
35
35
35
34
34
34
34
33
33
33
32
32
32
32
32
32
32
31
31
31
31
31
31
31
31
31
31
31
31
31
30
30
30
30
30
30
30
30
30
30
30
30
30
30
30
30
30
30
30
30
30
30
30
30
30
30
31
31
31
31
31
31
31
31
31
31
31
31
31
31
31
31
32
32
32
31
31
31
32
32
32
32
33
33
33
31
31
