25
25
25
25
25
25
25
25
25
25
25
25
25
25
25
25
25
25
25
25
25
25
25
25
25
25
25
25
25
25
25
25
25
25
25
25
25
25
25
25
25
25
25
25
25
25
25
25
26
26
26
26
26
26
26
26
26
26
27
27
27
27
28
28
28
28
28
28
28
29
29
29
30
30
30
255
255
255
255
255
255
255
255
255
255
255
255
255
255
255
255
255
255
255
255
255
255
255
255
255
255
255
255
255
255
188
188
188
186
186
186
187
187
187
189
189
189
189
188
188
188
186
186
186
186
186
186
187
187
187
187
188
188
188
188
188
188
188
188
188
255
255
255
255
255
255
255
255
255
255
255
255
255
255
255
255
255
57
57
57
56
56
56
55
55
55
54
54
54
54
54
54
54
53
53
53
53
53
53
53
53
53
53
52
52
52
52
52
52
52
52
52
52
52
53
53
53
53
53
53
53
53
53
53
53
53
53
53
53
53
54
54
54
54
54
54
55
55
55
55
55
55
55
61
61
61
35
35
35
35
34
34
34
33
33
33
32
32
32
32
32
32
32
31
31
31
30
30
30
30
30
30
30
30
30
30
22
22
22
29
29
29
28
28
28
28
28
28
28
28
28
28
28
28
28
28
28
28
28
28
28
28
28
28
28
28
28
28
28
29
29
29
29
29
29
30
30
30
30
30
30
30
31
31
31
32
32
32
32
30
30
30
30
30
30
30
28
28
28
28
28
28
28
27
27
27
27
27
27
26
26
26
26
26
26
26
26
26
26
26
26
26
25
25
25
25
25
25
25
25
25
25
25
25
25
25
25
25
25
25
