40
40
40
40
40
40
40
40
40
40
40
40
40
40
40
40
40
40
40
40
40
40
40
40
40
40
40
40
40
41
41
41
41
41
41
41
42
42
42
42
42
42
44
44
44
67
67
67
67
67
67
67
54
54
54
53
53
53
52
52
52
51
51
51
51
50
50
50
50
50
50
50
50
50
49
49
49
49
49
49
49
49
49
49
49
49
49
49
49
49
49
49
49
49
49
49
49
50
50
50
50
50
50
50
50
50
50
50
50
50
51
51
51
51
51
51
51
52
52
52
53
53
53
54
54
54
214
214
214
214
214
214
214
214
214
214
214
214
214
214
214
214
214
169
169
169
168
168
168
168
167
167
167
166
166
166
166
166
166
166
165
165
165
165
165
165
165
165
165
165
165
165
165
165
165
165
165
165
165
165
165
165
165
165
166
166
166
166
166
166
167
167
167
169
169
169
169
255
255
255
255
255
255
34
34
34
34
34
34
34
32
32
32
31
31
31
31
31
31
31
30
30
30
29
29
29
29
29
29
29
29
29
29
28
28
28
28
28
28
28
28
28
28
28
28
28
28
28
28
28
28
28
28
22
22
22
22
28
28
28
28
28
28
28
28
28
28
28
28
28
28
28
28
29
29
29
29
29
29
29
30
30
30
31
31
31
32
32
32
32
32
32
32
44
44
44
44
44
44
43
43
43
41
41
41
41
41
41
41
41
41
41
40
40
40
40
40
40
40
40
40
40
39
39
39
39
39
39
39
39
39
39
39
39
39
39
39
39
39
39
39
39
39
39
39
39
39
39
39
39
39
40
40
40
40
40
40
40
40
40
