85
85
85
85
85
85
85
85
85
85
85
85
85
85
85
85
85
85
85
85
85
85
85
85
85
85
74
74
74
72
72
72
71
71
71
71
71
71
71
70
70
70
70
70
70
69
69
69
69
69
69
69
68
68
68
68
68
68
68
68
68
68
68
68
68
68
68
68
68
68
68
68
68
68
68
68
68
68
68
68
68
68
68
68
69
69
69
69
69
69
69
70
70
70
72
72
72
255
255
255
74
74
74
74
75
75
75
76
76
76
255
255
255
255
255
255
255
255
255
255
255
255
255
255
255
255
255
159
159
159
158
158
158
157
157
157
157
157
157
157
157
157
157
157
157
157
157
157
157
158
158
158
158
158
158
158
158
158
158
158
158
158
158
158
158
158
159
159
159
255
255
255
255
255
255
180
180
180
180
255
255
255
181
181
181
255
255
255
255
255
255
255
255
255
255
255
255
255
255
255
255
255
255
255
255
139
139
139
137
137
137
137
137
137
137
136
136
136
136
136
136
136
136
136
136
136
136
136
136
136
136
137
137
137
143
143
143
143
143
143
143
144
144
144
144
144
144
22
22
22
22
144
144
144
144
145
145
145
145
145
145
145
145
145
145
146
146
146
148
148
148
54
54
54
54
52
52
52
51
51
51
50
50
50
50
50
50
50
49
49
49
49
49
49
48
48
48
48
48
48
48
48
48
48
48
48
48
48
48
48
48
48
48
48
48
48
48
48
48
48
49
49
49
49
49
49
49
49
49
49
50
50
50
50
50
50
50
50
50
50
51
51
51
51
51
51
52
52
52
52
52
52
52
52
52
52
52
52
52
52
