28
28
28
28
28
28
28
28
28
28
28
28
28
28
28
28
28
28
28
28
28
28
28
28
28
28
28
28
29
29
29
29
29
29
28
28
28
28
28
28
28
28
28
28
27
27
27
27
27
27
27
26
26
26
26
26
26
26
26
26
25
25
25
25
25
25
25
25
25
25
25
25
25
25
25
25
25
25
25
25
25
25
25
25
25
25
25
25
25
25
25
25
25
25
25
25
25
25
25
26
26
26
26
26
26
26
26
26
26
27
27
27
28
28
28
28
28
28
28
30
30
30
56
56
56
54
54
54
54
53
53
53
53
53
53
53
53
53
52
52
52
52
52
52
52
52
52
52
52
52
52
52
52
52
51
51
51
51
51
51
51
51
51
51
51
51
51
51
51
51
51
51
51
51
52
52
52
52
52
52
52
52
52
52
53
53
53
54
54
54
54
56
56
56
57
57
57
57
255
255
255
255
255
255
255
255
255
255
255
255
255
255
255
255
255
255
255
255
255
255
255
255
255
255
255
255
255
179
179
179
179
178
178
178
178
178
178
178
179
179
179
179
182
182
182
255
255
255
22
22
22
179
179
179
179
179
179
179
179
179
179
181
181
181
183
183
183
255
255
255
255
255
255
255
31
31
31
30
30
30
30
30
30
30
29
29
29
28
28
28
28
28
28
28
27
27
27
27
27
27
26
26
26
26
26
26
26
26
26
26
25
25
25
25
25
25
25
25
25
25
26
26
26
26
26
26
26
26
26
26
26
26
26
26
26
26
26
26
26
26
26
26
26
26
26
26
26
26
26
26
26
26
26
26
26
26
26
26
26
26
