51
51
51
51
51
51
51
51
51
51
51
51
51
51
51
51
51
51
51
51
51
51
51
51
51
51
51
51
51
51
51
51
51
51
51
51
51
51
51
51
51
51
51
51
51
51
51
51
52
52
52
52
52
52
52
53
53
53
54
54
54
33
33
33
31
31
31
31
30
30
30
29
29
29
29
29
29
29
28
28
28
28
28
28
27
27
27
27
27
27
27
27
27
27
26
26
26
26
26
26
26
26
26
26
26
26
26
26
26
26
25
25
25
25
25
25
25
25
25
25
25
25
25
26
26
26
26
26
26
26
27
27
27
27
27
27
27
27
27
27
27
27
27
29
29
29
29
29
29
29
29
29
28
28
28
28
28
28
28
28
28
28
28
28
28
27
27
27
27
27
27
27
27
27
27
27
27
27
26
26
26
26
26
26
26
26
26
26
26
26
26
26
26
26
26
26
26
26
26
26
26
26
26
26
26
26
26
26
27
27
27
27
27
27
27
27
27
27
27
27
27
28
28
28
28
29
29
29
29
29
29
30
30
30
30
30
30
30
30
255
255
255
255
255
255
255
255
255
255
255
255
255
22
22
22
179
179
179
178
178
178
178
178
178
178
178
178
178
178
178
178
178
178
178
178
186
186
186
186
186
186
184
184
184
183
183
183
183
185
185
185
186
186
186
186
186
186
185
185
185
185
185
185
185
187
187
187
187
255
255
255
255
255
255
255
57
57
57
55
55
55
54
54
54
54
53
53
53
53
53
53
52
52
52
52
52
52
52
52
52
52
51
51
51
51
51
51
51
51
51
51
51
51
51
51
51
51
51
51
51
