133
133
128
128
128
133
133
133
133
133
133
133
133
133
133
133
133
133
133
133
133
133
133
133
133
133
133
133
133
133
133
133
133
133
133
133
133
133
133
133
133
134
134
134
134
135
135
135
143
143
143
143
143
143
143
143
143
143
143
143
143
144
144
144
144
144
144
145
145
145
145
57
57
57
55
55
55
54
54
54
54
52
52
52
52
52
52
52
52
52
51
51
51
51
51
51
51
51
51
51
50
50
50
50
50
50
50
50
50
50
50
50
50
50
50
50
50
50
50
50
50
50
50
50
50
50
50
50
50
50
51
51
51
51
51
51
52
52
52
52
52
52
52
53
53
53
89
89
89
88
88
88
89
89
89
89
89
89
89
88
88
88
88
75
75
75
75
74
74
74
73
73
73
72
72
72
71
71
71
71
71
71
71
71
71
71
71
71
71
71
71
71
71
71
71
71
71
70
70
70
71
71
71
71
71
71
71
71
71
72
72
72
72
72
72
72
73
73
73
73
73
73
73
79
79
79
77
77
77
78
78
78
79
79
79
79
80
80
80
80
80
80
255
255
255
255
255
255
255
255
255
255
22
22
22
156
156
156
156
156
156
156
155
155
155
155
155
155
155
155
155
155
155
155
155
155
155
155
155
155
155
156
156
156
156
156
156
156
157
157
157
255
255
255
255
255
255
255
255
255
255
179
179
179
255
255
255
255
255
255
255
255
255
255
255
255
255
178
178
178
255
255
255
255
255
255
255
255
255
255
255
255
255
255
255
255
255
255
255
255
255
255
255
136
136
136
135
135
135
135
134
134
134
134
134
134
134
134
134
134
