255
255
255
255
255
255
255
255
255
255
255
255
255
255
255
255
255
255
255
255
255
255
255
255
255
255
255
255
255
255
255
255
255
255
255
255
255
255
255
255
255
255
255
255
255
255
255
255
255
255
255
255
255
255
255
255
255
255
255
255
255
255
255
255
255
255
255
255
255
215
215
215
213
213
213
213
213
213
213
213
213
213
212
212
212
212
212
212
212
212
212
212
212
212
212
83
83
83
82
82
82
82
81
81
81
81
81
81
81
81
81
81
80
80
80
80
80
80
80
80
80
80
80
80
80
80
80
80
79
79
79
80
80
80
80
80
80
80
80
80
80
80
80
80
80
80
80
80
81
81
81
81
81
81
82
82
82
84
84
84
84
90
90
90
89
89
89
34
34
34
34
34
34
34
32
32
32
32
32
32
31
31
31
30
30
30
30
30
30
30
30
30
30
30
30
30
29
29
29
29
29
29
29
29
29
29
29
29
29
29
29
29
29
29
29
29
29
29
29
29
30
30
30
29
29
29
30
30
30
30
30
30
30
30
30
30
31
31
31
31
31
31
32
32
32
32
32
32
32
33
33
33
22
22
22
131
131
131
130
130
130
129
129
129
129
128
128
128
127
127
127
126
126
126
126
129
129
129
128
128
128
125
125
125
125
125
125
125
125
125
125
126
126
126
131
131
131
130
130
130
130
126
126
126
126
126
126
127
127
127
134
134
134
135
135
135
135
133
133
133
135
135
135
136
136
136
135
135
135
135
137
137
137
255
255
255
255
255
255
255
255
255
255
255
255
255
255
255
255
255
255
255
255
255
255
255
255
255
255
255
