26
26
26
26
26
26
26
26
26
26
26
26
26
26
26
26
26
26
26
26
26
26
26
26
26
26
26
26
26
26
26
26
26
26
26
26
26
27
27
27
27
27
27
27
27
27
27
27
27
27
27
27
27
27
28
28
28
28
28
28
30
30
30
30
28
28
28
28
28
28
28
28
28
28
27
27
27
27
27
27
26
26
26
26
26
26
26
26
26
26
25
25
25
25
25
25
25
25
25
25
25
25
25
24
24
24
25
25
25
25
25
25
25
25
25
25
25
25
25
25
25
25
25
25
25
25
26
26
26
27
27
27
27
27
27
27
26
26
26
27
27
27
27
28
28
28
28
30
30
30
55
55
55
23
23
23
23
22
22
22
53
53
53
53
52
52
52
52
52
52
52
52
52
52
52
51
51
51
51
51
51
51
51
51
51
51
51
51
51
51
51
51
51
51
51
51
51
51
51
51
51
51
51
51
51
52
52
52
52
52
52
52
53
53
53
54
54
54
255
255
255
255
255
255
255
255
255
255
255
255
255
255
255
255
255
255
255
255
255
255
255
255
255
255
255
255
255
255
22
22
22
255
255
255
180
180
180
180
178
178
178
178
178
178
178
178
178
178
178
178
178
182
182
182
255
255
255
255
255
255
180
180
180
180
179
179
179
179
179
179
180
180
180
182
182
182
182
255
255
255
255
255
255
32
32
32
32
30
30
30
30
30
30
29
29
29
29
29
29
29
28
28
28
28
28
28
27
27
27
27
27
27
27
27
27
27
26
26
26
26
26
26
26
26
26
26
26
26
26
26
26
26
26
26
26
26
26
26
26
26
