79
79
79
79
79
79
79
79
79
79
79
79
79
79
79
79
79
79
79
79
79
79
79
79
79
79
79
79
79
79
79
79
79
79
79
79
79
79
79
79
80
80
80
80
80
80
80
81
81
81
82
82
82
83
83
83
88
88
88
88
34
34
34
33
33
33
32
32
32
32
30
30
30
30
30
30
30
30
30
30
29
29
29
29
29
29
29
29
29
29
28
28
28
28
28
28
28
28
28
28
28
28
28
28
28
28
28
28
28
28
28
28
28
28
28
28
28
28
28
28
28
28
28
28
28
28
28
28
28
28
28
28
29
29
29
30
30
30
30
30
30
30
30
30
30
31
31
31
31
31
31
31
255
255
255
130
130
130
129
129
129
128
128
128
128
127
127
127
128
128
128
130
130
130
130
129
129
129
126
126
126
125
125
125
125
125
125
125
132
132
132
132
130
130
130
129
129
129
129
131
131
131
133
133
133
136
136
136
135
135
135
135
136
136
136
135
135
135
136
136
136
136
137
137
137
137
137
137
255
255
255
255
255
255
255
255
255
255
255
255
255
255
255
255
255
255
255
255
22
22
22
255
255
255
255
255
255
255
255
255
255
255
255
255
255
255
255
255
255
255
255
255
255
255
255
255
255
255
255
255
255
255
255
255
255
255
255
255
255
255
255
255
255
255
255
255
214
214
214
213
213
213
213
213
213
213
213
212
212
212
212
212
212
85
85
85
83
83
83
83
82
82
82
81
81
81
81
81
81
81
80
80
80
80
80
80
80
80
80
80
80
80
80
79
79
79
79
79
79
79
79
79
79
79
79
79
79
79
79
79
