27
27
27
27
27
27
27
27
27
27
27
27
27
27
27
27
27
27
27
27
27
27
27
27
27
27
27
27
26
26
26
26
26
26
26
26
26
26
25
25
25
25
25
25
25
25
25
25
25
25
25
25
25
25
25
25
25
25
25
25
25
25
25
25
25
25
25
26
26
26
26
26
26
26
26
26
26
26
26
26
27
27
27
27
27
27
28
28
28
29
29
29
29
30
30
30
31
31
31
44
44
44
45
45
45
45
44
44
44
43
43
43
43
43
43
42
42
42
42
42
42
42
41
41
41
41
41
41
41
41
41
41
41
41
41
41
41
41
41
41
41
41
41
41
41
41
41
41
41
41
41
41
41
41
41
41
42
42
42
42
42
42
42
42
42
42
42
42
42
43
43
43
44
44
44
47
47
47
47
69
69
69
68
68
68
57
57
57
55
55
55
55
54
54
54
53
53
53
53
53
53
52
52
52
52
52
52
52
52
52
52
51
51
51
51
51
51
51
51
51
51
51
51
51
51
51
51
51
52
52
52
52
52
52
52
52
52
52
52
53
53
53
53
53
53
54
54
54
54
55
55
55
22
22
22
214
214
214
214
214
214
214
214
214
214
214
214
214
214
214
214
214
214
214
215
215
215
215
168
168
168
167
167
167
166
166
166
165
165
165
165
165
165
165
165
165
165
165
165
165
165
165
165
165
165
165
165
165
165
165
166
166
166
166
166
166
166
168
168
168
255
255
255
255
255
255
255
255
255
255
255
255
255
255
255
255
32
32
32
32
32
32
32
31
31
31
30
30
30
30
30
30
30
29
29
29
29
29
29
29
