255
255
255
255
255
255
255
255
255
255
255
255
255
255
255
255
255
255
255
255
255
255
255
255
255
255
255
255
255
255
255
255
255
255
255
255
255
255
255
255
255
255
255
255
255
255
255
255
255
255
255
255
255
255
185
185
185
185
185
185
185
187
187
187
255
255
255
185
185
185
185
184
184
184
185
185
185
187
187
187
255
255
255
255
255
255
255
186
186
186
255
255
255
255
255
255
255
255
255
255
56
56
56
55
55
55
55
54
54
54
53
53
53
53
53
53
52
52
52
52
52
52
52
51
51
51
51
51
51
51
51
51
51
51
51
51
51
51
51
50
50
50
50
50
50
50
50
50
50
50
50
50
50
50
50
50
50
50
50
51
51
51
23
23
23
22
22
22
53
53
53
53
54
54
54
39
39
39
56
56
56
36
36
36
36
34
34
34
33
33
33
33
33
33
32
32
32
32
32
32
32
32
31
31
31
31
31
31
31
31
31
31
30
30
30
30
30
30
30
30
30
30
30
30
30
30
30
30
30
30
30
30
30
30
30
30
30
30
30
30
30
30
31
31
31
31
31
31
31
32
32
32
33
33
33
22
22
22
22
32
32
32
31
31
31
31
31
31
30
30
30
30
29
29
29
29
29
29
28
28
28
28
28
28
28
28
28
28
28
27
27
27
27
27
27
27
27
27
27
26
26
26
26
26
26
26
26
26
26
26
26
26
27
27
27
27
27
27
27
27
27
27
27
27
27
28
28
28
28
28
28
28
28
28
28
29
29
29
30
30
30
31
31
31
30
30
30
30
30
30
30
30
30
30
31
31
31
31
31
31
