133
133
135
135
135
133
133
133
133
133
133
133
133
133
133
133
133
133
133
133
133
133
133
133
133
133
133
133
133
133
133
133
133
133
133
133
133
133
134
134
134
134
134
134
142
142
142
142
143
143
143
143
143
143
143
143
143
143
143
143
143
143
143
143
143
143
143
144
144
144
56
56
56
56
55
55
55
53
53
53
52
52
52
52
52
52
52
52
52
52
52
51
51
51
51
51
51
51
50
50
50
50
50
50
50
50
50
50
50
50
50
50
50
50
50
50
50
50
50
50
50
50
50
50
50
50
50
51
51
51
51
51
51
51
51
52
52
52
52
53
53
53
54
54
54
89
89
89
89
89
89
89
89
89
89
89
88
88
88
89
89
89
75
75
75
75
74
74
74
72
72
72
72
72
72
72
71
71
71
71
71
71
71
71
71
71
71
71
71
70
70
70
70
70
70
70
70
70
70
71
71
71
71
71
71
71
71
71
72
72
72
72
72
72
72
73
73
73
73
73
73
79
79
79
77
77
77
77
78
78
78
79
79
79
80
80
80
80
80
80
80
255
255
255
255
255
255
255
255
255
255
255
255
255
255
156
156
156
155
155
155
155
155
155
155
155
155
155
155
155
155
155
155
155
155
155
155
155
156
156
156
156
156
156
156
156
156
156
156
156
156
156
255
255
255
255
255
255
180
180
180
255
255
255
255
255
255
255
255
255
255
255
255
255
255
255
255
255
255
255
255
255
255
255
255
255
255
255
255
255
255
255
255
255
255
255
255
135
135
135
135
135
135
135
134
134
134
134
134
134
134
134
134
134
134
134
134
134
134
134
