29
29
29
29
29
29
29
29
29
29
29
29
29
29
29
29
28
28
28
28
28
28
28
28
28
28
28
28
28
27
27
27
27
27
27
27
27
27
27
27
27
27
27
27
27
27
27
27
26
26
26
26
26
26
26
26
26
26
26
26
26
26
26
26
26
26
26
26
26
26
26
26
26
26
26
26
27
27
27
27
27
27
27
28
28
28
28
28
28
28
28
28
28
29
29
29
33
33
33
33
33
33
33
31
31
31
30
30
30
30
30
30
29
29
29
29
29
29
29
28
28
28
28
28
28
28
28
28
28
28
28
28
28
28
28
28
28
28
28
28
28
28
28
28
28
28
28
28
28
28
28
28
27
27
27
28
28
28
28
28
28
28
28
28
28
29
29
29
30
30
30
30
30
30
30
31
31
31
32
32
32
255
255
255
255
255
255
255
255
255
255
255
255
255
255
255
255
255
255
255
255
255
255
255
255
255
255
255
255
255
255
255
255
255
178
178
178
178
178
178
178
178
178
178
178
178
178
178
178
178
179
179
179
183
183
183
185
185
185
185
186
186
186
185
185
185
184
184
184
184
22
22
22
255
255
255
255
255
255
255
255
255
255
57
57
57
54
54
54
53
53
53
52
52
52
52
52
52
52
51
51
51
50
50
50
50
50
50
50
50
50
50
50
50
50
50
50
50
50
49
49
49
49
49
49
49
49
49
49
49
49
49
50
50
50
50
50
50
50
50
50
50
50
50
50
51
51
51
51
52
52
52
52
52
52
33
33
33
33
33
33
33
32
32
32
31
31
31
31
31
31
31
31
31
31
31
31
31
30
30
