28
28
28
28
28
28
28
28
28
28
28
28
28
28
28
28
28
28
28
29
29
29
29
29
29
29
29
29
29
29
29
29
30
30
30
31
31
31
31
31
31
129
129
129
129
128
128
128
255
255
255
255
255
255
255
129
129
129
126
126
126
125
125
125
124
124
124
124
124
124
124
124
124
124
124
124
124
124
124
124
124
124
124
124
124
124
124
125
125
125
125
125
125
125
125
125
125
127
127
127
133
133
133
135
135
135
135
135
135
135
135
135
135
135
135
135
136
136
136
136
138
138
138
255
255
255
255
255
255
255
255
255
255
255
255
255
255
255
255
255
255
255
255
255
255
255
255
255
255
255
255
255
255
255
255
255
255
255
255
255
255
255
255
255
255
255
255
255
255
255
255
255
255
255
255
255
255
255
255
255
255
255
255
255
255
255
255
255
255
255
215
215
215
215
214
214
214
214
214
214
214
214
214
214
214
86
86
86
84
84
84
83
83
83
83
82
82
82
82
81
81
81
80
80
80
80
80
80
80
80
80
80
80
80
80
80
80
80
80
80
80
80
79
79
79
22
22
22
80
80
80
80
80
80
80
22
22
22
81
81
81
81
81
81
81
82
82
82
87
87
87
87
87
87
33
33
33
33
31
31
31
30
30
30
29
29
29
29
29
29
28
28
28
28
28
28
28
28
28
28
27
27
27
27
27
27
27
27
27
27
26
26
26
27
27
27
26
26
26
26
26
26
26
26
26
26
26
26
26
26
26
26
26
26
26
26
27
27
27
27
27
27
27
27
27
27
27
27
27
27
27
27
27
27
27
27
27
27
27
27
