52
52
52
52
52
52
52
52
52
52
52
52
52
52
52
52
52
52
52
52
52
52
52
52
52
52
52
52
52
51
51
51
51
51
51
51
51
50
50
50
50
50
50
50
50
49
49
49
49
49
49
49
49
49
49
49
49
49
48
48
48
48
48
48
48
48
48
48
48
48
48
48
48
48
49
49
49
49
49
49
49
49
49
49
49
49
50
50
50
50
50
50
50
50
51
51
51
51
52
52
52
52
53
53
53
53
217
217
217
255
255
255
255
218
218
218
218
255
255
255
255
255
255
255
255
255
255
255
255
255
255
255
255
255
255
255
255
255
255
255
255
255
255
255
255
255
255
255
255
255
255
255
255
255
255
255
255
23
23
23
23
22
22
22
22
255
255
255
255
255
255
255
255
255
255
255
255
255
255
255
255
255
255
255
34
34
34
34
33
33
33
33
32
32
32
32
31
31
31
31
31
31
31
31
31
30
30
30
30
30
30
30
30
29
29
29
29
29
29
29
29
29
29
29
29
29
29
29
29
28
28
28
28
29
29
29
29
29
29
29
29
29
29
29
29
29
29
29
29
30
30
30
30
30
22
22
22
22
31
31
31
31
32
32
32
32
32
32
32
33
33
33
33
40
40
40
40
40
40
40
40
40
40
40
40
38
38
38
38
38
38
38
38
38
38
38
38
38
38
38
38
38
38
38
38
38
38
38
38
38
38
38
38
38
38
38
38
38
38
38
38
38
38
38
38
39
39
39
39
39
39
39
39
39
40
40
40
40
40
40
40
40
41
41
41
41
41
41
41
41
42
42
42
42
42
42
42
42
42
42
