134
134
24
24
24
134
134
134
134
134
134
134
134
134
134
134
134
134
134
134
134
134
134
134
134
134
134
134
134
133
133
133
133
135
135
135
135
135
135
135
135
135
135
135
136
136
136
255
255
255
255
255
255
255
255
255
255
255
255
255
255
255
255
255
255
255
255
255
255
255
255
255
255
255
255
255
255
255
255
255
255
255
255
255
255
255
255
255
255
255
255
255
255
255
255
255
255
255
255
255
255
255
255
255
255
255
255
255
255
255
255
255
255
215
215
215
215
215
215
214
214
214
214
214
214
214
214
214
214
214
214
214
84
84
84
84
84
84
84
83
83
83
82
82
82
82
82
82
82
81
81
81
81
81
81
81
81
81
80
80
80
80
80
80
80
80
80
80
80
80
80
81
81
81
81
81
81
81
81
81
81
82
82
82
82
82
82
82
82
83
83
83
84
84
84
34
34
34
34
34
34
34
31
31
31
32
32
32
32
30
30
30
30
30
30
29
29
29
28
28
28
28
29
29
29
28
28
28
28
28
28
27
27
27
27
27
27
27
27
27
27
27
27
27
27
27
27
27
22
22
22
22
22
22
27
27
27
27
27
27
27
27
27
27
28
28
28
28
28
28
28
28
28
28
29
29
29
29
29
29
30
30
30
30
30
30
30
31
31
31
255
255
255
131
131
131
131
129
129
129
127
127
127
126
126
126
126
125
125
125
124
124
124
124
124
124
124
124
124
124
124
124
124
124
123
123
123
123
123
123
123
123
123
123
123
123
123
123
123
123
124
124
124
124
124
124
124
124
124
124
124
124
124
125
125
125
125
125
125
125
