26
26
26
26
26
26
26
26
26
26
26
26
26
26
26
26
26
26
26
26
26
26
26
26
26
26
26
26
26
26
26
26
26
26
26
26
26
26
27
27
27
27
27
27
27
27
27
27
27
27
28
28
28
28
28
28
28
29
29
29
30
30
30
31
31
31
31
32
32
32
32
32
32
255
255
255
255
255
255
255
255
255
255
255
255
255
127
127
127
127
126
126
126
126
125
125
125
124
124
124
124
124
124
124
124
124
124
124
124
124
124
124
124
124
124
124
124
124
124
124
125
125
125
125
125
125
125
127
127
127
134
134
134
135
135
135
135
135
135
135
135
135
135
135
135
135
136
136
136
137
137
137
137
138
138
138
255
255
255
255
255
255
22
22
22
22
22
22
22
255
255
255
255
255
255
255
255
255
255
255
255
255
255
255
255
255
255
255
255
255
255
255
255
255
255
255
255
255
255
255
255
255
255
255
255
255
255
255
255
255
255
255
255
255
255
255
255
255
216
216
216
216
215
215
215
214
214
214
214
214
214
214
214
214
214
85
85
85
83
83
83
82
82
82
82
82
82
82
81
81
81
81
81
81
81
22
22
22
80
80
80
80
80
80
80
80
80
80
80
80
80
80
80
80
80
80
80
80
80
80
80
80
80
80
80
80
80
80
80
80
81
81
81
82
82
82
82
83
83
83
86
86
86
89
89
89
33
33
33
33
31
31
31
31
31
31
30
30
30
29
29
29
29
29
29
29
28
28
28
28
28
28
28
28
28
28
28
28
28
27
27
27
27
27
27
27
27
27
27
27
27
27
27
27
27
27
27
27
27
27
