255
255
255
255
255
255
255
255
255
255
255
255
255
255
255
255
255
255
255
255
255
255
255
255
255
255
255
255
255
255
255
255
255
255
255
255
255
255
255
255
179
179
179
179
255
255
255
177
177
177
255
255
255
178
178
178
178
255
255
255
255
255
255
255
255
255
255
255
255
255
255
255
255
255
255
137
137
137
136
136
136
136
135
135
135
135
135
135
135
135
135
135
135
135
135
135
135
135
135
135
135
135
135
135
135
136
136
136
137
137
137
144
144
144
144
145
145
145
144
144
144
145
145
145
145
145
145
145
146
146
146
146
146
146
148
148
148
56
56
56
56
54
54
54
53
53
53
53
53
53
52
52
52
52
52
52
52
51
51
51
51
51
51
51
51
51
51
51
51
51
51
51
51
51
51
51
51
51
51
51
51
51
51
51
51
51
51
51
51
51
51
52
52
52
52
52
52
52
52
52
53
53
53
53
55
55
55
88
88
88
88
88
88
88
88
88
88
87
87
87
87
87
87
87
87
72
72
72
71
71
71
71
70
70
70
70
69
69
69
69
69
69
69
69
69
69
69
69
69
69
69
69
69
69
69
69
69
69
69
69
69
69
69
69
69
69
69
69
69
69
69
70
70
70
70
70
70
70
71
71
71
71
71
71
72
72
72
72
75
75
75
255
255
255
255
255
255
255
255
255
255
255
255
255
255
255
255
255
158
158
158
158
156
156
156
155
155
155
155
155
155
155
155
155
155
155
155
155
155
155
155
155
155
155
155
155
155
155
155
155
155
155
155
155
155
155
155
155
155
155
155
155
155
155
155
155
155
155
155
155
