78
78
78
69
69
69
78
78
78
78
79
79
79
79
79
79
79
78
78
78
78
78
78
79
79
79
79
195
195
195
195
195
195
195
195
195
195
195
195
195
157
157
157
156
156
156
155
155
155
155
155
155
155
255
255
255
255
255
255
255
255
255
255
154
154
154
153
153
153
153
153
153
153
154
154
154
255
255
255
255
255
255
255
255
255
255
255
255
255
255
255
255
255
255
255
255
255
255
255
255
255
255
255
255
255
255
255
255
255
255
255
255
255
255
255
255
255
255
255
255
255
255
255
255
255
255
255
255
255
255
255
255
137
137
137
137
137
137
137
136
136
136
136
136
136
136
136
136
136
136
136
136
136
136
136
136
136
136
136
136
136
136
136
136
136
136
136
136
136
137
137
137
139
139
139
148
148
148
255
255
255
255
255
255
255
255
255
255
255
255
255
255
255
255
255
255
255
255
255
255
255
56
56
56
55
55
55
55
54
54
54
53
53
53
53
53
53
53
53
53
53
52
52
52
52
52
52
52
52
52
52
52
52
52
52
52
52
52
52
52
52
52
52
52
52
52
52
52
52
52
53
53
53
22
22
22
22
54
54
54
55
55
55
93
93
93
93
93
93
92
92
92
92
92
92
92
92
92
92
92
92
92
75
75
75
75
74
74
74
74
74
74
73
73
73
73
73
73
73
73
73
73
72
72
72
72
72
72
72
72
72
72
72
72
72
72
72
72
72
72
72
72
72
72
72
73
73
73
73
73
73
73
73
73
74
74
74
74
74
74
74
74
74
74
75
75
75
75
75
75
75
76
76
76
78
78
78
79
79
79
