214
214
255
255
255
214
214
214
214
214
214
214
214
214
214
214
214
214
214
214
214
214
214
214
214
214
214
214
214
215
215
215
255
255
255
255
255
255
255
255
255
255
255
255
255
255
255
255
255
255
255
255
255
255
255
255
255
255
255
255
255
255
255
255
255
255
255
255
255
255
255
255
255
255
255
255
255
255
255
255
255
255
255
255
255
255
255
255
255
255
255
255
255
255
255
255
255
36
36
36
36
35
35
35
34
34
34
33
33
33
32
32
32
32
32
32
32
31
31
31
31
31
31
31
30
30
30
30
30
30
30
30
30
30
30
30
30
30
30
30
30
30
30
29
29
29
29
29
29
29
30
30
30
30
30
30
23
23
23
22
22
22
22
31
31
31
31
31
31
32
32
32
32
32
32
32
32
32
32
32
33
33
33
46
46
46
46
45
45
45
43
43
43
43
42
42
42
42
42
42
42
42
42
42
42
42
41
41
41
41
41
41
41
41
41
41
41
40
40
40
40
40
40
40
40
40
40
40
40
40
41
41
41
40
40
40
41
41
41
41
41
41
41
41
41
41
42
42
42
22
22
22
43
43
43
43
66
66
66
45
45
45
45
52
52
52
65
65
65
52
52
52
51
51
51
51
51
51
51
50
50
50
49
49
49
49
49
49
49
49
49
49
48
48
48
48
48
48
48
48
48
48
47
47
47
48
48
48
48
48
48
48
48
48
48
48
48
48
48
48
48
48
49
49
49
49
49
49
49
49
49
50
50
50
50
51
51
51
51
51
51
52
52
52
53
53
53
216
216
216
216
215
215
215
215
215
215
215
215
215
