28
28
27
27
27
27
28
28
28
28
28
28
28
28
28
28
28
28
28
28
28
28
28
28
28
28
28
28
28
27
27
27
27
27
27
27
27
27
27
28
28
28
28
28
28
28
28
28
28
28
28
28
28
28
28
28
29
29
29
30
30
30
31
31
31
31
33
33
33
42
42
42
42
41
41
41
41
41
41
40
40
40
40
40
40
40
40
40
40
39
39
39
39
39
39
39
39
39
39
39
39
39
38
38
38
38
38
38
38
38
38
38
38
38
38
38
38
38
38
38
38
38
39
39
39
39
39
39
39
39
39
39
39
39
39
40
40
40
40
40
40
41
41
41
42
42
42
42
42
42
42
55
55
55
55
54
54
54
54
54
54
53
53
53
52
52
52
51
51
51
51
51
51
51
51
51
51
50
50
50
50
50
50
50
50
50
50
49
49
49
50
50
50
50
50
50
50
50
50
50
50
50
50
50
50
50
50
50
50
50
51
51
51
51
51
51
51
51
51
51
53
53
53
54
54
54
219
219
219
217
217
217
217
217
217
217
217
217
217
217
218
218
218
255
255
255
255
255
255
255
255
255
255
22
22
22
22
22
22
255
255
255
255
255
255
255
255
255
255
255
255
255
255
255
255
255
255
255
255
255
255
255
255
255
255
255
255
255
255
255
255
255
255
255
255
255
255
255
255
255
255
255
255
255
255
255
255
255
34
34
34
34
32
32
32
32
32
32
30
30
30
30
30
30
30
30
30
30
29
29
29
28
28
28
29
29
29
29
29
29
29
28
28
28
28
28
28
28
28
28
28
28
28
28
28
28
28
28
28
28
