68
68
68
68
68
68
68
68
68
68
68
68
68
68
68
68
68
68
68
68
68
68
68
68
68
68
68
68
68
69
69
69
69
69
69
70
70
70
70
71
71
71
71
72
72
72
255
255
255
255
255
255
255
255
255
255
255
255
255
160
160
160
158
158
158
158
157
157
157
157
157
157
157
157
157
157
157
156
156
156
156
156
156
155
155
155
155
155
155
155
155
155
155
155
155
155
156
156
156
156
157
157
157
157
157
157
255
255
255
255
255
255
255
255
255
255
255
255
255
255
255
255
180
180
180
180
179
179
179
255
255
255
179
179
179
255
255
255
255
255
255
255
180
180
180
255
255
255
255
255
255
255
139
139
139
138
138
138
137
137
137
137
137
137
137
136
136
136
136
136
136
136
136
136
136
137
137
137
137
137
137
137
147
147
147
146
146
146
145
145
145
146
146
146
146
145
145
145
145
145
145
146
146
146
146
147
147
147
147
147
147
147
147
56
56
56
56
54
54
54
53
53
53
53
52
52
52
51
51
51
51
51
51
51
51
51
51
50
50
50
50
50
50
50
50
50
50
50
50
50
50
50
50
50
50
50
50
50
50
50
50
50
50
50
50
50
50
50
50
50
51
51
51
51
51
51
51
52
52
52
52
53
53
53
86
86
86
86
86
86
86
86
86
86
86
86
86
72
72
72
71
71
71
71
70
70
70
70
69
69
69
68
68
68
68
68
68
68
68
68
68
67
67
67
67
67
67
67
67
67
67
67
67
67
67
67
67
67
67
67
67
67
67
67
67
67
67
67
67
67
67
67
67
67
67
67
67
67
67
67
