163
45
45
45
45
163
163
163
163
163
163
164
164
164
164
164
164
164
164
164
164
164
164
164
163
163
163
164
164
164
164
164
164
164
164
164
164
164
164
164
165
165
165
165
255
255
255
255
255
255
255
255
255
255
255
255
255
255
255
255
255
255
255
32
32
32
32
32
32
32
30
30
30
30
30
30
30
29
29
29
29
29
29
29
29
28
28
28
28
28
28
27
27
27
27
27
27
27
27
27
27
27
27
27
26
26
26
26
26
26
26
26
26
26
26
26
26
26
26
26
27
27
27
27
27
27
27
28
28
28
29
29
29
29
29
29
29
29
29
29
31
31
31
32
32
32
31
31
31
31
52
52
52
52
46
46
46
22
22
22
22
22
22
22
22
22
22
44
44
44
43
43
43
43
43
43
43
43
43
43
43
43
43
42
42
42
42
42
42
42
42
42
42
42
42
42
42
42
42
42
42
42
42
42
42
42
43
43
43
43
43
43
43
43
43
43
44
44
44
45
45
45
47
47
47
47
68
68
68
68
68
68
68
68
68
55
55
55
53
53
53
53
52
52
52
51
51
51
22
22
22
22
22
22
22
50
50
50
50
50
50
50
50
50
50
50
50
50
50
50
50
49
49
49
49
49
49
49
50
50
50
50
50
50
50
50
50
50
50
50
50
50
51
51
51
52
52
52
52
52
52
52
53
53
53
55
55
55
55
212
212
212
212
212
212
212
212
212
212
212
212
212
212
212
212
213
213
213
213
165
165
165
165
165
165
165
165
165
164
164
164
164
164
164
164
164
164
164
164
164
164
164
163
163
163
163
164
164
164
163
