67
67
67
67
67
67
67
67
67
67
67
67
67
67
67
67
67
67
67
67
67
67
67
67
67
67
67
67
67
67
67
67
67
67
67
67
67
67
67
67
67
67
67
67
67
67
67
67
67
67
67
67
67
67
67
67
67
67
68
68
68
68
68
68
69
69
69
69
69
69
69
71
71
71
255
255
255
255
255
255
74
74
74
74
255
255
255
255
255
255
255
255
255
159
159
159
159
159
159
159
158
158
158
158
158
158
158
157
157
157
157
157
157
157
157
157
157
156
156
156
156
156
156
156
156
156
156
156
156
156
156
156
156
157
157
157
157
157
157
157
157
158
158
158
158
255
255
255
180
180
180
180
180
180
180
255
255
255
180
180
180
22
22
22
22
181
181
181
255
255
255
255
255
255
255
255
255
255
255
255
255
139
139
139
138
138
138
138
138
138
138
137
137
137
137
137
137
136
136
136
136
136
136
136
137
137
137
137
137
137
138
138
138
145
145
145
145
146
146
146
145
145
145
145
145
145
146
146
146
146
146
146
146
146
146
146
146
146
146
147
147
147
147
149
149
149
255
255
255
22
22
22
53
53
53
53
52
52
52
52
51
51
51
51
51
51
51
50
50
50
50
50
50
49
49
49
49
49
49
49
49
49
49
49
49
49
49
49
49
49
49
49
49
49
49
49
49
50
50
50
50
50
50
50
50
50
50
51
51
51
52
52
52
52
52
52
52
54
54
54
85
85
85
85
85
85
85
85
85
85
72
72
72
71
71
71
70
70
70
70
70
70
70
69
69
69
69
69
69
69
69
69
69
69
69
69
69
69
69
69
