255
255
255
255
255
255
255
255
255
255
255
255
255
255
255
255
255
255
255
255
255
255
255
255
255
255
255
255
139
139
139
138
138
138
138
138
138
138
137
137
137
137
137
137
136
136
136
136
136
136
136
136
136
136
136
136
136
136
136
136
136
136
136
136
136
136
136
136
136
136
136
136
136
136
136
136
136
138
138
138
145
145
145
146
146
146
146
148
148
148
148
148
148
148
148
148
255
255
255
255
255
57
57
57
55
55
55
55
53
53
53
53
53
53
52
52
52
52
52
52
52
52
52
52
52
52
51
51
51
51
51
51
51
51
51
51
51
51
51
51
51
51
51
51
51
51
51
51
51
51
51
51
51
51
51
51
51
51
51
51
51
51
22
22
22
52
52
52
52
53
53
53
54
54
54
55
55
55
56
56
56
56
92
92
92
92
91
91
91
91
91
91
92
92
92
75
75
75
75
74
74
74
74
74
74
73
73
73
73
73
73
73
72
72
72
72
72
72
72
72
72
72
72
72
72
73
73
73
72
72
72
72
72
72
72
73
73
73
73
73
73
74
74
74
74
74
74
74
75
75
75
81
81
81
81
22
22
22
78
78
78
80
80
80
194
194
194
194
194
194
194
194
194
194
159
159
159
156
156
156
156
156
156
156
156
156
156
157
157
157
255
255
255
255
255
255
156
156
156
156
155
155
155
155
155
155
155
155
155
155
255
255
255
255
255
255
255
255
255
255
255
255
255
255
255
255
255
255
255
255
255
255
255
255
255
255
255
255
255
255
255
255
255
255
255
255
255
255
255
255
255
255
255
255
255
255
255
255
255
255
