153
153
42
42
42
153
153
153
153
154
154
154
154
154
154
255
255
255
255
255
255
255
255
255
255
255
255
255
255
255
255
255
255
255
255
255
255
255
255
255
255
255
255
255
255
255
255
255
255
255
255
255
255
255
255
255
255
255
255
255
255
255
255
255
255
255
255
255
255
255
255
255
255
255
255
255
255
255
255
255
255
140
140
140
139
139
139
139
139
139
139
139
139
139
138
138
138
138
138
138
138
138
138
138
137
137
137
137
137
137
137
137
137
137
137
137
137
138
138
138
138
138
138
138
138
138
139
139
139
139
147
147
147
149
149
149
255
255
255
255
255
255
255
150
150
150
255
255
255
255
255
255
255
255
255
255
56
56
56
55
55
55
54
54
54
54
54
54
54
54
54
54
53
53
53
53
53
53
53
53
53
53
52
52
52
52
52
52
52
52
52
52
52
52
52
53
53
53
53
53
53
53
53
53
53
53
53
53
54
54
54
54
54
54
55
55
55
55
55
55
55
92
92
92
92
92
92
91
91
91
91
91
91
91
91
91
91
75
75
75
75
74
74
74
73
73
73
72
72
72
72
72
72
72
22
22
22
71
71
71
70
70
70
70
71
71
71
70
70
70
70
70
70
70
70
70
71
71
71
71
71
71
71
71
71
71
71
71
71
72
72
72
72
72
72
72
73
73
73
75
75
75
78
78
78
78
76
76
76
77
77
77
78
78
78
192
192
192
192
192
192
192
156
156
156
156
156
156
255
255
255
255
255
255
255
255
255
255
255
255
255
255
255
255
255
156
156
156
154
154
154
154
154
154
154
154
154
154
154
154
