54
54
54
54
54
54
54
54
54
54
54
54
54
54
54
54
54
54
54
54
54
54
54
54
33
33
33
31
31
31
30
30
30
30
30
30
30
29
29
29
28
28
28
28
28
28
28
28
28
28
27
27
27
26
26
26
26
26
26
26
26
26
26
26
26
26
25
25
25
25
25
25
25
26
26
26
26
26
26
26
26
26
26
26
26
26
26
26
26
26
26
26
26
26
26
26
26
26
26
26
26
26
26
27
27
27
27
28
28
28
28
28
28
29
29
29
29
29
29
29
29
29
29
29
29
29
29
29
29
28
28
28
28
28
28
28
28
28
28
28
28
28
27
27
27
27
27
27
27
27
27
27
27
27
27
27
27
27
27
27
27
27
27
27
27
27
27
27
27
27
27
27
27
27
27
27
27
27
28
28
28
28
28
28
28
29
29
29
29
29
29
29
29
29
29
32
32
32
31
31
31
255
255
255
255
255
255
255
255
255
255
255
255
255
255
255
255
255
255
255
255
255
255
255
255
255
255
186
186
186
188
188
188
255
255
255
255
184
184
184
183
183
183
185
185
185
186
186
186
186
22
22
22
22
183
183
183
185
185
185
185
22
22
22
186
186
186
186
186
186
186
186
187
187
187
255
255
255
255
55
55
55
54
54
54
54
54
54
54
52
52
52
52
52
52
52
52
52
51
51
51
51
51
51
51
50
50
50
50
50
50
50
50
50
50
50
50
50
50
50
50
50
50
50
50
50
50
50
50
50
50
50
50
50
50
50
50
51
51
51
51
51
51
51
51
51
51
51
51
51
52
52
52
52
52
52
52
52
52
52
