41
41
41
41
41
41
41
41
41
41
41
41
41
41
41
41
41
41
41
41
41
41
41
41
41
41
41
41
41
41
41
41
41
41
41
40
40
40
40
40
40
40
40
40
40
40
40
40
40
40
40
40
40
40
40
40
40
40
40
40
40
40
40
40
40
40
40
40
40
40
40
41
41
41
41
41
41
42
42
42
42
42
42
42
44
44
44
69
69
69
68
68
68
67
67
67
67
68
68
68
54
54
54
52
52
52
52
52
52
52
52
52
52
51
51
51
51
51
51
51
51
51
51
50
50
50
50
50
50
50
50
50
50
50
50
50
50
50
50
50
50
50
50
50
50
50
50
50
50
51
51
51
51
51
51
51
51
51
52
52
52
52
53
53
53
53
54
54
54
215
215
215
215
214
214
214
214
214
214
214
214
214
214
214
214
214
169
169
169
168
168
168
167
167
167
166
166
166
166
165
165
165
165
165
165
165
165
165
165
165
165
165
165
165
165
164
164
164
164
164
164
164
165
165
165
165
165
165
165
165
165
166
166
166
166
167
167
167
255
255
255
255
255
255
255
255
255
255
35
35
35
32
32
32
31
31
31
31
22
22
22
22
22
22
22
22
22
28
28
28
28
28
28
28
28
28
28
27
27
27
27
27
27
27
27
27
27
27
27
27
27
27
27
27
27
27
27
27
27
27
27
27
27
27
27
27
27
27
27
27
28
28
28
28
28
28
28
28
28
28
29
29
29
29
29
29
30
30
30
30
30
30
30
32
32
32
32
32
32
31
31
31
44
44
44
44
44
44
44
43
43
43
43
43
43
43
43
43
43
42
