29
29
29
29
29
29
29
29
29
29
29
29
29
29
29
29
29
29
29
29
29
29
29
29
29
29
29
29
29
29
29
29
29
29
29
29
29
29
29
29
29
29
29
29
29
29
30
30
30
30
30
30
30
30
30
31
31
31
32
32
32
32
33
33
33
33
33
33
55
55
55
55
55
55
55
53
53
53
52
52
52
51
51
51
51
51
51
51
51
51
51
50
50
50
50
50
50
50
50
50
50
50
50
50
50
50
50
50
50
50
50
50
50
50
50
49
49
49
50
50
50
50
50
50
50
50
50
50
50
51
51
51
51
51
51
51
52
52
52
53
53
53
53
54
54
54
203
203
203
255
255
255
255
255
255
255
255
255
255
22
22
22
255
255
255
255
255
255
255
255
255
255
181
181
181
180
180
180
179
179
179
179
179
179
179
179
179
179
179
179
179
180
180
180
255
255
255
255
255
255
255
255
255
255
180
180
180
180
180
180
180
182
182
182
255
255
255
255
255
255
255
255
255
255
33
33
33
32
32
32
31
31
31
31
30
30
30
30
30
30
29
29
29
29
29
29
29
28
28
28
22
22
22
22
22
22
28
28
28
28
28
28
28
28
28
28
27
27
27
27
27
27
27
27
27
27
27
27
27
28
28
28
28
28
28
28
28
28
28
28
28
28
28
28
28
28
28
29
29
29
30
30
30
30
30
30
30
32
32
32
34
34
34
33
33
33
33
33
33
33
32
32
32
31
31
31
31
31
31
31
30
30
30
30
30
30
30
30
30
30
30
30
30
30
30
30
30
30
30
30
30
30
29
29
29
29
29
29
29
29
