27
27
27
27
27
27
27
27
27
27
27
27
27
27
27
27
27
27
27
27
27
27
27
27
27
27
27
28
28
28
28
28
28
28
28
28
28
28
28
28
29
29
29
30
30
30
30
56
56
56
55
55
55
55
54
54
54
54
53
53
53
53
53
53
52
52
52
52
52
52
52
52
52
52
52
52
52
51
51
51
51
51
51
51
51
51
51
51
51
51
51
51
51
51
51
51
51
51
51
51
52
52
52
52
52
52
52
53
53
53
53
53
53
54
54
54
55
55
55
55
55
55
55
57
57
57
255
255
255
255
255
255
255
255
255
255
255
255
255
255
255
255
255
255
255
255
255
255
255
255
255
255
179
179
179
178
178
178
178
178
178
178
178
178
178
178
178
178
182
182
182
182
255
255
255
180
180
180
179
179
179
178
178
178
178
179
179
179
180
180
180
182
182
182
182
255
255
255
33
33
33
31
31
31
31
31
31
31
29
29
29
29
29
29
28
28
28
28
28
28
28
27
27
27
27
27
27
26
26
26
26
26
26
26
26
26
26
26
26
26
26
26
26
26
26
26
26
26
26
26
26
26
26
26
22
22
22
25
25
25
25
26
26
26
27
27
27
26
26
26
26
26
26
26
27
27
27
28
28
28
29
29
29
29
31
31
31
29
29
29
29
29
29
29
29
29
29
29
28
28
28
27
27
27
27
27
27
27
27
27
27
26
26
26
25
25
25
26
26
26
26
26
26
26
26
26
26
26
26
26
25
25
25
25
25
25
25
25
25
25
26
26
26
26
26
26
26
26
26
26
26
26
26
26
26
26
26
26
26
26
