184
184
255
255
255
184
184
184
184
184
184
184
177
177
177
177
177
177
177
176
176
176
176
176
176
176
176
176
176
177
177
177
183
183
183
183
184
184
184
184
184
184
182
182
182
182
181
181
181
183
183
183
184
184
184
184
184
184
184
184
184
184
184
184
184
184
255
255
255
255
255
255
57
57
57
56
56
56
56
55
55
55
54
54
54
53
53
53
53
53
53
53
52
52
52
52
52
52
51
51
51
51
51
51
51
51
51
51
51
51
51
51
51
51
51
51
51
51
51
51
51
51
51
51
52
52
52
52
52
52
52
52
52
52
53
53
53
53
53
53
53
54
54
54
55
55
55
34
34
34
33
33
33
33
33
33
33
32
32
32
31
31
31
30
30
30
30
30
30
30
29
29
29
29
29
29
28
28
28
28
28
28
28
28
28
28
28
28
28
28
28
28
28
28
28
28
28
28
28
28
28
28
28
27
27
27
28
28
28
28
28
28
28
28
28
28
29
29
29
30
30
30
30
30
30
30
31
31
31
31
31
31
31
31
31
29
29
29
29
29
29
29
28
28
28
28
28
28
27
27
27
27
22
22
22
27
27
27
27
27
27
26
26
26
26
26
26
26
26
26
26
25
25
25
25
25
25
25
25
25
25
25
25
25
25
25
25
25
25
25
25
26
26
26
26
26
26
27
27
27
27
27
27
27
28
28
28
29
29
29
29
29
29
30
30
30
30
31
31
31
255
255
255
255
255
255
255
255
255
255
255
255
255
255
255
255
255
255
255
255
255
255
255
255
255
255
255
177
177
177
177
177
177
177
177
177
177
177
177
177
