146
146
255
255
255
146
146
146
146
146
146
146
146
146
146
146
146
146
146
146
146
146
146
146
146
146
146
146
56
56
56
55
55
55
55
53
53
53
53
53
53
53
53
53
52
52
52
52
52
52
52
51
51
51
51
51
51
50
50
50
50
50
50
50
50
50
50
50
50
50
49
49
49
49
50
50
50
50
50
50
50
50
50
50
50
50
50
50
50
50
50
50
50
50
50
51
51
51
51
51
51
51
52
52
52
53
53
53
55
55
55
91
91
91
91
91
91
91
91
91
91
91
91
91
78
78
78
76
76
76
76
75
75
75
74
74
74
74
74
74
74
74
74
74
74
74
74
73
73
73
73
73
73
73
73
73
73
73
73
73
22
22
22
22
22
22
22
23
23
23
23
74
74
74
75
75
75
75
75
75
255
255
255
255
78
78
78
79
79
79
81
81
81
82
82
82
82
83
83
83
83
196
196
196
160
160
160
160
160
160
160
255
255
255
255
255
255
255
255
255
255
255
255
255
160
160
160
156
156
156
156
156
156
156
156
156
156
156
255
255
255
255
255
255
255
255
255
255
255
255
255
22
22
22
22
22
22
255
255
255
255
255
255
255
255
255
255
255
255
255
255
255
255
255
255
255
255
255
255
255
255
255
255
255
255
255
255
255
255
255
138
138
138
137
137
137
137
136
136
136
136
136
136
136
135
135
135
135
135
135
135
135
135
135
135
135
135
135
135
135
135
135
135
135
135
135
135
135
135
135
136
136
136
136
137
137
137
137
137
137
147
147
147
147
147
147
147
146
146
146
144
144
144
144
144
144
144
145
145
145
