25
25
25
25
25
25
25
25
25
25
25
25
25
25
25
25
25
25
25
25
25
25
25
25
25
25
26
26
26
26
26
26
26
26
26
26
26
26
26
27
27
27
28
28
28
28
28
28
29
29
29
29
44
44
44
44
44
44
43
43
43
43
43
43
43
42
42
42
42
42
42
42
41
41
41
41
41
41
41
41
41
40
40
40
40
40
40
40
40
40
40
40
40
40
40
40
40
40
41
41
41
41
41
41
41
41
41
41
41
41
41
41
41
41
42
42
42
42
42
42
42
43
43
43
44
44
44
45
45
45
45
70
70
70
69
69
69
57
57
57
56
56
56
56
55
55
55
54
54
54
54
54
54
53
53
53
53
53
53
53
52
52
52
53
53
53
53
52
52
52
52
52
52
52
52
52
52
52
52
52
52
52
52
52
52
52
53
53
53
53
53
53
53
54
54
54
54
54
54
55
55
55
216
216
216
216
215
215
215
215
215
215
215
215
215
215
215
215
215
215
215
215
215
215
215
167
167
167
166
166
166
166
165
165
165
165
165
165
165
165
165
165
165
165
165
165
164
164
164
164
164
164
164
164
164
164
164
164
164
164
164
164
164
164
164
165
165
165
165
165
165
165
166
166
166
255
255
255
255
255
255
255
255
255
255
255
255
255
30
30
30
30
29
29
29
29
29
29
27
27
27
27
27
27
26
26
26
26
26
26
26
25
25
25
25
25
25
25
24
24
24
25
25
25
24
24
24
24
24
24
24
24
24
24
24
24
24
24
24
24
24
24
24
24
24
24
24
24
24
24
24
24
24
24
24
24
24
25
25
25
