49
49
49
49
49
50
50
50
50
50
50
50
50
50
50
50
50
50
50
50
50
50
50
50
50
50
50
50
50
50
50
50
50
50
50
50
50
50
50
50
50
50
50
50
50
50
50
50
50
50
50
50
50
50
50
51
51
51
51
53
53
53
255
255
255
255
255
255
255
255
255
255
255
255
255
255
255
255
255
255
255
255
255
255
255
255
255
255
255
255
255
255
182
182
182
182
180
180
180
180
180
180
179
179
179
179
179
179
179
179
179
179
179
179
179
179
179
179
180
180
180
180
180
180
180
255
255
255
255
255
255
255
255
255
255
255
255
255
255
255
255
255
255
255
255
255
255
255
255
33
33
33
32
32
32
31
31
31
31
30
30
30
23
23
23
29
29
29
29
29
29
29
29
29
29
28
28
28
28
28
28
28
28
28
28
28
28
28
27
27
27
27
27
27
27
27
27
27
27
27
27
27
27
27
27
27
27
28
28
28
28
28
28
28
28
28
28
28
28
29
29
29
29
29
29
29
31
31
31
35
35
35
35
44
44
44
32
32
32
33
33
33
31
31
31
31
30
30
30
30
30
30
30
30
30
22
22
22
22
29
29
29
29
29
29
28
28
28
28
28
28
28
28
28
28
28
28
28
28
28
28
28
28
28
28
28
28
28
29
29
29
29
29
29
29
29
29
29
30
30
30
30
30
30
31
31
31
32
32
32
32
32
32
32
34
34
34
54
54
54
54
54
54
54
52
52
52
52
52
52
52
51
51
51
51
51
51
51
51
51
51
50
50
50
50
50
50
50
50
50
50
50
50
50
50
50
50
50
50
50
