49
49
49
49
49
49
49
49
49
49
49
49
49
49
49
49
49
49
49
49
49
49
49
49
49
49
49
49
49
49
49
49
49
49
49
49
49
49
49
49
49
49
49
49
50
50
50
50
50
50
50
51
51
51
51
51
51
52
52
52
53
53
53
53
55
55
55
86
86
86
86
86
86
86
73
73
73
72
72
72
71
71
71
70
70
70
70
70
70
70
70
70
70
69
69
69
69
69
69
69
69
69
69
69
69
69
69
69
69
69
69
69
69
69
69
69
69
69
69
69
69
69
69
69
69
69
69
70
70
70
70
70
70
70
71
71
71
71
71
71
72
72
72
72
78
78
78
77
77
77
76
76
76
78
78
78
255
255
255
255
21
21
21
21
21
21
22
22
22
158
158
158
158
157
157
157
157
157
157
156
156
156
156
156
156
156
156
156
156
156
156
156
156
156
156
156
156
156
156
156
156
156
157
157
157
157
157
157
157
158
158
158
255
255
255
255
255
255
255
179
179
179
255
255
255
180
180
180
180
255
255
255
255
255
255
255
255
255
255
255
255
255
255
255
255
255
255
255
137
137
137
22
22
22
22
135
135
135
135
135
135
135
135
135
135
135
135
135
135
135
135
135
135
135
135
135
135
136
136
136
136
143
143
143
144
144
144
144
144
144
143
143
143
143
144
144
144
144
144
144
144
144
144
144
144
144
144
145
145
145
146
146
146
55
55
55
55
53
53
53
52
52
52
51
51
51
51
51
51
51
50
50
50
50
50
50
50
50
50
50
50
50
50
49
49
49
49
49
49
49
49
49
49
49
49
49
49
49
49
49
