29
29
29
29
29
29
29
29
29
29
29
29
29
29
29
29
29
29
29
29
29
29
29
29
29
29
29
29
29
29
29
29
29
29
29
29
29
29
29
29
29
29
29
29
30
30
30
30
30
30
30
30
30
30
31
31
31
33
33
33
36
36
36
30
30
30
30
29
29
29
29
29
29
29
29
29
28
28
28
28
28
28
28
27
27
27
27
27
27
27
27
27
27
26
26
26
26
26
26
26
26
26
26
26
26
26
26
26
26
26
26
26
26
26
26
26
26
26
26
26
26
26
26
26
26
27
27
27
27
27
27
27
27
27
27
27
27
27
28
28
28
28
28
28
28
28
28
28
255
255
255
255
255
255
255
255
255
255
255
255
255
255
22
22
22
255
255
255
255
255
255
255
255
255
255
255
181
181
181
188
188
188
190
190
190
190
255
255
255
186
186
186
185
185
185
186
186
186
186
186
186
186
186
186
186
186
185
185
185
185
185
185
185
186
186
186
187
187
187
187
187
187
255
255
255
255
255
255
255
255
255
255
56
56
56
55
55
55
55
54
54
54
53
53
53
53
53
53
52
52
52
52
52
52
52
51
51
51
51
51
51
51
51
51
51
51
51
51
51
51
51
51
51
51
51
51
51
51
51
51
51
51
51
51
52
52
52
52
52
52
52
52
52
52
53
53
53
53
53
53
54
54
54
54
55
55
55
34
34
34
34
34
34
34
32
32
32
32
32
32
32
31
31
31
31
31
31
30
30
30
30
30
30
30
30
30
30
30
30
30
30
30
30
30
30
30
30
30
30
30
30
29
29
29
29
29
29
29
29
29
