49
49
49
49
49
49
49
49
49
49
49
49
49
49
49
49
49
49
49
49
49
49
49
49
49
49
49
49
48
48
48
48
48
48
48
48
48
48
48
48
48
48
48
48
48
48
48
48
48
48
48
48
48
48
48
48
48
48
49
49
49
49
49
49
49
49
49
50
50
50
50
50
50
50
50
52
52
52
53
53
53
53
53
53
53
86
86
86
87
87
87
86
86
86
86
73
73
73
72
72
72
72
72
72
71
71
71
71
70
70
70
70
70
70
70
70
70
70
70
70
70
70
70
70
69
69
69
69
69
69
69
69
69
69
69
69
69
69
69
69
70
70
70
70
70
70
70
70
70
70
71
71
71
72
72
72
78
78
78
78
77
77
77
76
76
76
78
78
78
80
80
80
80
81
81
81
255
255
255
160
160
160
159
159
159
159
159
159
159
158
158
158
158
158
158
158
158
158
158
157
157
157
157
157
157
157
157
157
157
157
157
157
157
157
157
157
157
157
158
158
158
158
158
158
158
158
158
158
161
161
161
255
255
255
180
180
180
180
255
255
255
181
181
181
255
255
255
255
22
22
22
255
255
255
255
255
255
255
22
22
22
255
255
255
255
255
255
136
136
136
135
135
135
135
135
135
135
134
134
134
134
134
134
134
134
134
134
135
135
135
136
136
136
143
143
143
144
144
144
144
142
142
142
142
142
142
144
144
144
144
143
143
143
143
143
143
143
143
143
144
144
144
144
144
144
144
54
54
54
54
54
54
54
52
52
52
52
52
52
51
51
51
51
51
51
51
51
51
51
51
51
51
50
50
50
50
50
50
50
50
