126
126
126
126
126
126
126
126
126
126
126
126
126
126
126
126
126
126
126
126
126
126
126
126
255
255
255
255
126
126
126
125
125
125
125
125
125
125
125
125
125
124
124
124
124
124
124
125
125
125
125
125
125
125
126
126
126
126
126
126
135
135
135
135
135
135
135
134
134
134
135
135
135
136
136
136
136
136
136
136
137
137
137
255
255
255
255
255
255
255
255
255
255
255
255
255
255
255
255
255
255
255
255
255
255
255
255
255
255
255
255
255
255
255
255
255
255
255
255
255
255
255
255
255
255
255
255
255
255
255
255
255
255
255
255
255
255
255
255
255
255
255
255
255
255
255
255
255
255
255
255
214
214
214
214
214
214
214
213
213
213
213
213
213
213
213
213
213
213
213
213
85
85
85
83
83
83
82
82
82
82
81
81
81
81
81
81
80
80
80
80
80
80
80
79
79
79
79
79
79
79
79
79
79
79
79
79
79
79
79
80
80
80
80
80
80
80
80
80
80
80
80
80
81
81
81
82
82
82
82
82
82
82
83
83
83
34
34
34
34
32
32
32
32
31
31
31
31
31
31
22
22
22
22
29
29
29
29
29
29
28
28
28
28
28
28
28
28
28
28
27
27
27
27
27
27
27
27
27
27
27
27
27
27
27
27
27
27
27
27
27
27
27
27
27
27
27
27
27
27
27
27
28
28
28
28
28
28
28
29
29
29
29
29
29
29
30
30
30
30
30
30
30
31
31
31
255
255
255
255
255
255
255
255
255
255
255
255
255
131
131
131
130
130
130
129
129
129
129
128
128
128
127
127
127
127
127
127
126
126
