71
71
71
71
71
71
71
71
71
71
71
71
71
71
71
71
71
71
71
71
71
71
71
71
71
71
71
71
71
71
71
71
71
71
71
71
72
72
72
72
72
72
72
72
72
72
72
72
72
72
73
73
73
74
74
74
75
75
75
75
79
79
79
80
80
80
79
79
79
193
193
193
193
194
194
194
194
195
195
195
195
195
195
255
255
255
255
157
157
157
157
155
155
155
154
154
154
154
154
154
154
178
178
178
255
255
255
156
156
156
156
154
154
154
154
154
154
154
154
154
154
155
155
155
255
255
255
255
255
255
255
255
255
255
255
255
255
255
255
255
255
255
255
255
255
255
255
255
255
255
255
255
255
255
255
255
255
255
23
23
23
22
22
22
255
255
255
140
140
140
140
139
139
139
138
138
138
137
137
137
137
137
137
137
137
137
137
137
137
137
137
137
137
137
137
137
137
137
137
137
137
137
137
137
137
137
137
137
138
138
138
138
140
140
140
255
255
255
255
255
255
255
255
255
255
255
255
255
255
255
255
255
255
255
255
56
56
56
55
55
55
54
54
54
54
54
54
54
53
53
53
53
53
53
52
52
52
52
52
52
52
52
52
52
52
52
52
52
52
52
52
52
52
52
51
51
51
51
51
51
51
51
51
52
52
52
52
52
52
52
52
52
52
52
53
53
53
53
54
54
54
55
55
55
56
56
56
57
57
57
57
91
91
91
91
91
91
91
91
91
91
75
75
75
74
74
74
73
73
73
73
73
73
73
72
72
72
72
72
72
72
72
72
72
72
72
72
72
72
72
72
72
72
71
71
71
71
71
71
71
